"","feature","logFC","AveExpr","t","P.Value","adj.P.Val","B"
"1","aspartic_acid",3.19888975496734,-0.198220383389202,8.99645797130497,9.57403405567179e-13,2.51797095664168e-10,18.7368000583467
"2","pyruvic_acid",-4.77384259173164,0.277985985793281,-8.52377947839931,6.0548733041964e-12,7.93259846402049e-10,16.9156507161528
"3","glutamic_acid",4.11507057736945,-0.154837049869279,8.42126882333423,9.04859140382566e-12,7.93259846402049e-10,16.5190496254447
"4","pc_o_32_0",2.14040307718715,-0.0601406063943433,8.15660624358336,2.55880122445475e-11,1.682411805079e-09,15.4930461788456
"5","cer_d34_1",1.45934659435138,-0.0688094981454257,7.31116640072848,7.16874609018193e-10,3.77076044343569e-08,12.2065983666151
"6","pc_32_0",1.88218351923605,-0.0705629895936867,7.05171819412214,1.99301485945019e-09,8.73604846725667e-08,11.1996576726872
"7","lpc_o_18_1",2.62752183256773,-0.121486008656291,6.82380559707615,4.88432250566025e-09,1.83510974141235e-07,10.3176314595545
"8","lpc_o_16_0",2.366470565796,-0.114520473200633,6.41835754775288,2.38857908335385e-08,7.85245373652578e-07,8.75779884539643
"9","isocaproic_acid_4_me_5_0",-1.23710574410146,0.113104974236528,-6.33651347039408,3.28555247768917e-08,9.60111446258057e-07,8.44483059727949
"10","pc_39_6",-1.38381974702519,0.0829851348267606,-6.28763661329193,3.97345899796834e-08,1.04501971646567e-06,8.25829122755043
"11","ce_18_2",-1.41814737081335,0.0841988659417681,-6.21831436305818,5.20095052371961e-08,1.24349998885296e-06,7.99421766660042
"12","asparagine",-1.74276721675929,0.133254304392488,-6.11926413168459,7.63374271430745e-08,1.67306194488572e-06,7.61797608266508
"13","citramalic_acid",1.78245329651745,-0.161387540949179,6.0440550940253,1.02080672671906e-07,1.86326264490155e-06,7.33320159261927
"14","taurocholic_acid",1.50535172795982,-0.143199141620255,6.04350690718039,1.02296859496323e-07,1.86326264490155e-06,7.33112892854089
"15","pc_37_4",-1.50871386609079,0.103022677235827,-6.03363231095841,1.06269732598948e-07,1.86326264490155e-06,7.29380126526104
"16","acetic_acid_c2_0",2.27573202928921,-0.020267892477849,5.95877877962078,1.41796579337945e-07,2.33078127286747e-06,7.01132345766382
"17","sm_d36_0",1.81221945009003,-4.21674435998976e-05,5.89655479494772,1.80109855962139e-07,2.78640541870839e-06,6.77717868911614
"18","ce_20_3",-1.6667599414733,0.147851681673657,-5.87835641250049,1.9313969978729e-07,2.82198561355873e-06,6.70881934338906
"19","cis_4_7_10_13_16_19_docosahexaenoic_acid_c22_6",-1.15114353024447,0.1364091565696,-5.82123452885863,2.40407963946705e-07,3.19899903286153e-06,6.49461485540279
"20","pe_42_6",-1.35320438419316,0.120236482772881,-5.81177728055508,2.49269799742672e-07,3.19899903286153e-06,6.45920510110376
"21","pc_32_1",2.04215459583157,-0.076990769581807,5.80539376884013,2.55433382852061e-07,3.19899903286153e-06,6.43531291357101
"22","pc_o_34_1",1.7068376122399,-0.0390406446884091,5.77793652433405,2.83709909422522e-07,3.39162300809651e-06,6.3326287120805
"23","sm_d34_0",1.52251212858471,0.00271607453291679,5.7637510055084,2.99510260082877e-07,3.4248347131216e-06,6.27963108330144
"24","ce_20_4",-2.07878485476011,0.178400412175212,-5.73938107638436,3.28711588018848e-07,3.60213115203987e-06,6.18866999902137
"25","lac_cer_d42_2",1.43398312707975,-0.0181666552667788,5.53262869595995,7.20861199343156e-07,7.58345981709e-06,5.42158504811511
"26","pc_36_5",-1.67222000884831,0.111765693659998,-5.47385239046137,8.99900956346241e-07,9.10284428919466e-06,5.20512443902966
"27","lpe_16_0",1.52817990867003,-0.0994476136678347,5.4482334942018,9.91055713004682e-07,9.31409057573232e-06,5.11101258775517
"28","alpha_ketoglutaric_acid",-2.48107800592775,0.232894945997346,-5.44808380772383,9.91614205781387e-07,9.31409057573232e-06,5.110463140035
"29","pc_38_6",-1.3607459573222,0.120837157374004,-5.42627617779245,1.07638589233287e-06,9.76170654081192e-06,5.03046877165734
"30","erucic_acid_c22_1",-1.25610081670507,0.0230600133866491,-5.38960413267749,1.23533058975627e-06,1.082973150353e-05,4.89619361067605
"31","pc_37_3",-0.957804976745923,0.0747093176427932,-5.20888840426142,2.42526608369879e-06,2.05756445165413e-05,4.23920275134327
"32","isovaleric_acid_3_me_4_0",2.41752569965068,-0.0137016158284294,5.19887821569166,2.51708000679828e-06,2.06872513058734e-05,4.20304967585683
"33","pc_38_5",-0.982311990339037,0.0773283182853841,-5.12786132473988,3.27413449150253e-06,2.6093859735308e-05,3.94731981631026
"34","tag_48_0",1.82924697349928,-0.105227471179578,5.01465897332991,4.96648058293473e-06,3.84171880385833e-05,3.54252450206423
"35","pe_40_4",-1.04562742891578,0.0776277994259319,-4.97861068325809,5.6673501447366e-06,4.15111615697686e-05,3.41438441904347
"36","linolenic_acid_c18_3",-0.818871826563885,-0.00378062926376442,-4.97789825363842,5.68213618445502e-06,4.15111615697686e-05,3.41185577707521
"37","taurine",-1.52115523139458,0.0965271635048696,-4.90454446857166,7.42532312509604e-06,5.27799995108178e-05,3.15230674223996
"38","lpc_o_16_1",1.66486226087831,-0.116669801507389,4.8770369618716,8.20599407603011e-06,5.67941168946295e-05,3.05539594382275
"39","tag_56_7",-1.70071600784262,0.0756927500762848,-4.83035517588176,9.71862944788314e-06,6.5538449866494e-05,2.89146993856638
"40","ps_34_0",1.13253996304638,-0.00163938488093996,4.80160296467817,1.07827144405527e-05,7.08963474466343e-05,2.79084700341867
"41","tag_50_0",1.73530525624586,-0.0957102952383519,4.7451624452647,1.32131973426371e-05,8.47578268564281e-05,2.59410009092233
"42","pc_35_2",-1.15073644453091,0.034168070282838,-4.72282113636255,1.43166651640139e-05,8.96495937651347e-05,2.51650918116159
"43","sm_d40_2",-1.09016512388218,-0.0250117352212456,-4.64571457660476,1.88612298048875e-05,0.000115221415457868,2.25001123368389
"44","glc_cer_d34_1",0.982210006140615,-0.0243760154494108,4.639600638427,1.92765866165254e-05,0.000115221415457868,2.22896722906406
"45","lpe_20_3",0.842992824893918,-0.0723769349532633,4.60345168905654,2.19210559332587e-05,0.00012811639356549,2.10481030251018
"46","lpe_18_0",1.05091690111749,-0.0971220199971611,4.47006309347065,3.51013106486776e-05,0.000200687928273961,1.65073378629544
"47","cer_d42_1",-0.953152854761067,-0.0449511222590059,-4.38593297304154,4.70947453304869e-05,0.000263530170679107,1.36775637990614
"48","histidine",-1.2317133559059,0.0833918007240126,-4.37935953435322,4.81839210590166e-05,0.000264007734135862,1.34576124378817
"49","pe_o_38_7",-1.0798977626315,0.064701253849403,-4.35751039638842,5.19828719978282e-05,0.000273897475520126,1.27277452830172
"50","pyridinedicarboxylic_acid",-2.12578889392174,0.0499511242148726,-4.38715126887296,5.2071763406868e-05,0.000273897475520126,1.31527887962555
"51","caprylic_acid_c8_0",-0.972597490592498,-0.031568753460675,-4.34066595782278,5.51086528280197e-05,0.000284187758701357,1.21663468822968
"52","tag_50_1",1.68421630342135,-0.0875954279417228,4.32197582370239,5.87905285977554e-05,0.000297344404254032,1.15447573831641
"53","pe_o_38_6",-1.31508435970427,0.127796158173922,-4.28390112409351,6.704392453713e-05,0.000332689663269155,1.02828348755763
"54","hydroxy_glutamic_acid",0.672395820937201,-0.0179484374393455,4.2655878911788,7.14035705029323e-05,0.000347761834116133,0.967797503203231
"55","cer_d41_1",-0.838430751157145,-0.0274926537185053,-4.24538261936529,7.65324922625164e-05,0.00036596446300076,0.901222533722539
"56","succinic_acid",1.64860888534177,-0.0984114186760843,4.22080205166508,8.32545133666937e-05,0.000390998875275722,0.820459834959518
"57","tag_46_4",-0.899870211111359,-0.0118644127756013,-4.19564911556865,9.07236733573973e-05,0.000418602212157815,0.73807884976431
"58","lpc_18_2",-1.38866541314127,0.0014041634128489,-4.1770374385982,9.66638026861714e-05,0.000438320346663156,0.677294260722509
"59","sm_d41_2",-1.09861718905312,0.00734588153664229,-4.16785891381118,9.97301012394362e-05,0.000444559603830029,0.647372165371075
"60","tag_50_2",1.41547912209125,-0.0957645783849504,4.10472236748657,0.000123520947676156,0.000541433487313818,0.442532403356418
"61","lpc_16_1",1.21124565205025,-0.0918750352311007,4.07271801508985,0.000137589138762948,0.000593212188436971,0.339364833167544
"62","pentadecanoic_acid_c15_0",-0.78021158876244,0.178777721857454,-3.97596915388073,0.000190160243727712,0.000800548875606345,0.0302912412248499
"63","phenylpyruvic_acid",-0.535105135127343,0.0468661018220201,-3.97343923040511,0.000191766460696577,0.000800548875606345,0.022266630280372
"64","tag_54_6",-1.41335443579199,0.0512688148800024,-3.89172067559709,0.000251274287105371,0.00103258027357363,-0.235321433945634
"65","ps_36_3",1.09607170791626,-0.0105392638089484,3.86794335422006,0.000271689184806869,0.00109929624006471,-0.309674717549842
"66","acetylcarnitine",-1.7414919527804,0.112791531690783,-3.85369293841405,0.000284678155675182,0.00113439931731171,-0.354105958967927
"67","pe_38_2",-1.00264412912786,0.0297382557792397,-3.84666847992456,0.000291298189164306,0.00114345408582407,-0.375971184677852
"68","pc_34_1",1.13390382985233,-0.0600737838718044,3.78734156409844,0.000353417791037673,0.00136689528004276,-0.559674578357744
"69","ps_41_6",1.08888647641684,-0.0409166949000772,3.73798783310254,0.000414587968146258,0.00158024109597777,-0.711162112380393
"70","sm_d34_2",-0.809727711352887,-0.0334652781043177,-3.72319647323829,0.00043481340030235,0.00163365606113597,-0.756323413853283
"71","arachidonic_acid_20_4",-0.767567632772403,0.150934940884889,-3.71484766054047,0.00044664268226064,0.00165446514696547,-0.7817649559789
"72","pe_40_6",-0.886288057099741,0.0770125011357336,-3.70883644101603,0.000455349806420184,0.00166329165400706,-0.800061016012475
"73","pc_o_38_6",-0.893700619514829,0.137419355021279,-3.63480325953699,0.000576803527141923,0.00207807298134693,-1.02386032324999
"74","valine",-0.967657597383162,0.102172237042136,-3.56870620079595,0.000710843244103045,0.00252637531350136,-1.22123229348789
"75","leucine",-1.10320260643091,0.0873202945719214,-3.56378755237602,0.000721923377235147,0.00253154464283792,-1.23582634935261
"76","pc_o_32_1",0.945977393448169,-0.0286169777133771,3.55638064145515,0.000738919494828346,0.00255705035710335,-1.25777863660544
"77","sm_d40_1",-0.852578169268832,0.000765226761157469,-3.51164618578982,0.000849945991564959,0.00290306228287772,-1.38972649726548
"78","alanine",-0.908978549887321,0.059128689190656,-3.49749998678363,0.000888237495119343,0.00299495463097932,-1.43122362657403
"79","oleic_acid_c18_1",1.16039110979858,-0.164756229457802,3.42496575586921,0.00111171047203268,0.00365773501925379,-1.64225020836123
"80","methionine",-1.68258682576325,0.269187836082724,-3.42470017952172,0.00111261901726351,0.00365773501925379,-1.643017428937
"81","pc_40_6",-0.93201429067895,0.14528751952496,-3.40123914624695,0.00119571543958422,0.00388238469889691,-1.71063569356088
"82","hydroxyglutaric_acid",0.780404925011165,-0.15532092637365,3.33990203004419,0.00144159658291182,0.00462365733299767,-1.88592771430548
"83","sm_d36_2",-0.892120050979597,0.00340868163973969,-3.33406395677286,0.00146733992086102,0.00464952288176444,-1.90249848889383
"84","pi_38_4",-0.784695952492111,0.0880147077875242,-3.29981956424769,0.00162730025934225,0.00508777320218371,-1.99929589679591
"85","glyceric_acid",-0.893688052101737,0.107593753774081,-3.29636152407511,0.00164433734671337,0.00508777320218371,-2.00903227061313
"86","orotic_acid",0.37717228710893,-0.00714339514919676,3.25887299826002,0.00184015475240851,0.00562744999864464,-2.11412891333969
"87","sm_d38_1",-0.810056240637232,0.00125672625622238,-3.24567545737295,0.00191417056426269,0.00578651561380559,-2.15092786974903
"88","lpc_22_6",-0.88966398161336,0.00468744360893638,-3.22807044703964,0.00201727287677006,0.00602889507489235,-2.19985336064415
"89","sm_d41_1",-0.887572464144108,0.0163936785724697,-3.20981921658666,0.00212965893999547,0.0062932618114473,-2.25037713607299
"90","capric_acid_c10_0",-0.66908851245969,-0.0231347772881691,-3.16672068335785,0.00241882902364032,0.00705224532483716,-2.36887916982717
"91","myristoylcarnitine",0.651157594148023,-0.131616918985841,3.16374028352854,0.00244013051163567,0.00705224532483716,-2.37703186635707
"92","sm_d33_1",-0.847432647053164,0.0117343414608847,-3.14583834571177,0.00257182636696169,0.00735206885337962,-2.425886149737
"93","tryptophan",-0.930604376336179,0.0488209977868875,-3.10034817168184,0.00293705250516028,0.00830585815975435,-2.54913274249849
"94","dimethyl_succinic_acid",-0.427072712416138,0.0555034562306055,-3.07912216037395,0.00312358314782422,0.00873938689231669,-2.60619668234601
"95","lpc_20_4",-0.991396585195577,0.0697045215581191,-3.07281427325885,0.00318111423001757,0.00880666360520654,-2.62309996227141
"96","pe_o_38_5",-1.06505380461687,0.133944883402555,-3.0597232829904,0.00330368292891723,0.00899970980360943,-2.65809947284788
"97","tag_48_1",1.1881520544596,-0.082569869358969,3.05513503766161,0.00334767529742176,0.00899970980360943,-2.67034063768925
"98","palmitoleic_acid_16_1",1.05775463067385,-0.0477361672829005,3.05453134875579,0.00335350403328412,0.00899970980360943,-2.67195024607155
"99","dag_34_1",1.07006673927524,-0.10155691298979,3.04469948236832,0.003449775803149,0.00916455592149683,-2.69813212643473
"100","palmitoylcarnitine",0.708028826089292,-0.0539421727032005,3.00523472682905,0.00386273812666062,0.0101590012731174,-2.80260202289489
"101","valeric_acid_c5_0",0.817558943566175,-0.0473075310418901,2.99821931846836,0.00394080182673932,0.0102616918854697,-2.82106795900626
"102","pc_o_36_5",-0.795094919108115,0.140617790268349,-2.96967586958235,0.00427380212358084,0.0110197054755075,-2.89587057405577
"103","tag_46_0",1.08350903781672,-0.0936495187807907,2.95956890510628,0.00439785518179102,0.0112294748816606,-2.92223014243004
"104","glc_cer_d38_1",0.68886437551309,-0.0750775512891056,2.91054960765045,0.00504836821986667,0.012766546556009,-3.04912266888858
"105","aconitic_acid",0.301003024508526,-0.0111364261907037,2.90448092991194,0.00513483320930767,0.0128615346099802,-3.0647216108515
"106","tag_54_5",-1.02629608786296,0.0587352375666043,-2.89068525523516,0.00533651813913107,0.0132406063263346,-3.10009079981731
"107","tag_53_4",-0.766808097799708,0.0351620003386295,-2.88136449148229,0.00547690621772972,0.0134619283669431,-3.12391532837723
"108","pc_38_4",-0.797346450484865,0.135476918250592,-2.84539941791178,0.00605123732342103,0.014718625507015,-3.21529778684002
"109","sm_d38_2",-0.719555673185323,-0.000880455401173412,-2.8418669698728,0.00611054908487824,0.014718625507015,-3.224226210672
"110","tag_52_2",1.05959378374934,-0.0466858088976316,2.83917673297397,0.00615607910939789,0.014718625507015,-3.23102023924202
"111","tag_48_2",1.03765562241535,-0.0974594454201451,2.81911169745985,0.00650566503104694,0.0154143234519401,-3.28153828726169
"112","dag_36_4",-1.02045920245911,-0.0199872322930057,-2.81532408658872,0.00657367441144497,0.0154363961625895,-3.29104367407479
"113","sm_d35_1",-0.713732070392084,0.0383612796535247,-2.80075095974076,0.00684150145133977,0.0158724821271581,-3.32752502515794
"114","pc_36_1",0.845305508490785,-0.0482164229438257,2.79869486906938,0.00688008730987079,0.0158724821271581,-3.33266040299846
"115","pe_42_4",-0.528936236025765,0.0735584771441064,-2.7821479176491,0.00719798918039755,0.0164614882995179,-3.37388313692072
"116","kynurenine",-0.703550851721699,0.00728105420650144,-2.77058028892195,0.00742819322206629,0.0168063860388825,-3.40258919286598
"117","sm_d32_1",-0.672604012703452,-0.023766897470746,-2.7681896209303,0.00747660519600477,0.0168063860388825,-3.40851032584053
"118","erythro_dihydrosphingosine",0.855467188511363,-0.0619038037665072,2.7426559566907,0.00801206432355054,0.0178573976024898,-3.47150443727617
"119","deoxyuridine",0.318546570334766,-0.0202309589343683,2.65617641808182,0.0100975656679314,0.0223164686610585,-3.68146953805888
"120","pe_o_36_5",-0.931900566302223,0.122828909660231,-2.62979385911945,0.0108261375087454,0.023727284706667,-3.74446980674017
"121","pi_36_1",0.904022521231484,-0.0773961026139844,2.57628296589764,0.012452854312056,0.0270669478022375,-3.87071541151216
"122","pc_o_40_7",-0.698793081041806,0.127312053489991,-2.55615308534072,0.0131201470031957,0.0282835955888563,-3.91766976446864
"123","xanthine",0.733698375560165,-0.0839138493114048,2.51926359686553,0.0144276681524234,0.0308494042608728,-4.00294788407551
"124","tag_52_1",0.949207852624711,-0.0526767630498944,2.50291226855404,0.0150440347077482,0.0319079123236918,-4.04042726048093
"125","tag_46_1",1.05440490366821,-0.0986653088923188,2.47541989114411,0.0161341253657406,0.0339461997695182,-4.1029969457368
"126","pc_34_2",-0.572572200057479,-0.0203763868370509,-2.4614313949865,0.016715658418378,0.0348906203494716,-4.13461733267817
"127","cer_d42_0",0.487525378544369,-0.0798889826896985,2.39189309154715,0.0198957359294062,0.0411543781010733,-4.28962489385468
"128","glc_cer_d42_2",0.632822788905981,0.00939181487890629,2.38919233384146,0.0200295072126897,0.0411543781010733,-4.2955713877729
"129","lactic_acid",-0.647224289637217,0.00751291034650468,-2.37775237380657,0.0206051047542743,0.0420088569796445,-4.32069818817797
"130","tag_54_2",0.859038608142738,-0.04600020796935,2.35419896703443,0.0218369456312202,0.0441778207770071,-4.37211648047886
"131","lpc_18_0",0.78144110042258,-0.0870239047499438,2.34640335400839,0.0222588906263113,0.0446876964482434,-4.38904112406022
"132","creatinine",-0.651447975596417,0.0293716400287774,-2.32112020785421,0.0236777975781653,0.0471762179019506,-4.44361038340053
"133","lpc_20_3",-0.629655531805364,0.0354732761598217,-2.31395697509176,0.0240941644189306,0.047644851444953,-4.45898131003784
"134","lpc_16_0",0.800699085019704,-0.11529268586729,2.27865789758202,0.0262424071621811,0.051505620027266,-4.53414517148638
"135","pi_36_2",0.819107426328409,-0.0735034223960787,2.26170166713896,0.0273334068835906,0.0532495260028469,-4.56990569840102
"136","cis_aconitic_acid",0.829877322417879,-0.0391126849814803,2.25642755156457,0.0276808387118917,0.0533075178991213,-4.58098289468009
"137","pentahydroxyhexanoic_acid",0.596838911086102,-0.134978686450702,2.25510524918081,0.0277685549512533,0.0533075178991213,-4.5837567012748
"138","isoleucine",-0.697975696038572,0.121603631316009,-2.21626793183994,0.0304568015901023,0.0580444841898326,-4.66461290139974
"139","pc_o_40_6",-0.569656433645967,0.1109718789802,-2.21228737022237,0.0307448740454968,0.0581719559278105,-4.67283288543602
"140","pc_36_3",-0.491203132390754,0.0585738803076376,-2.20735188441658,0.031105381988449,0.058216903002853,-4.68300739991957
"141","cholic_acid",0.535091110158669,-0.0144993081207202,2.20591080283345,0.0312113434349896,0.058216903002853,-4.68597455273763
"142","pc_o_36_4",-0.613395029691951,0.155116082083245,-2.19092450574465,0.0323322258205695,0.0598829252873928,-4.71673331552772
"143","tag_52_0",0.835967737853523,-0.075737796670109,2.16147349502418,0.0346383587322176,0.0637055129130995,-4.77665939507176
"144","arabitol",0.539716929752615,-0.0436086435626041,2.15508715753133,0.0351570289216996,0.0642104069889376,-4.78956270378931
"145","n_carbamoyl_aspartic_acid",0.317518262814171,-0.0161210929957484,2.15060167961649,0.0355253698878857,0.0644356709000961,-4.79860587420411
"146","pc_30_0",0.670923896147419,-0.0392068310888586,2.12914719195628,0.0373342248662469,0.0672527475330339,-4.84163678954143
"147","citric_acid_isocitric_acid",0.499585433406402,-0.00854442205134569,2.12547166440875,0.0376520468605959,0.0673638661519505,-4.84897156903394
"148","tag_54_3",0.775774214110603,-0.0425265751577407,2.11972844337053,0.0381533856478013,0.0677995974687279,-4.86041076631044
"149","pe_o_36_3",-0.627993077531781,0.0732946193521673,-2.10108538543499,0.0398210812126753,0.070288217174051,-4.89735983242041
"150","pyridoxic_acid",0.862231969127788,-0.0829588170829915,2.09695914383338,0.0401986449296876,0.0704816241100523,-4.90549968203718
"151","tag_44_0",0.814818100399529,-0.0976267942053953,2.09202445568105,0.0406542668949903,0.070808425121738,-4.91521622073774
"152","sm_d42_1",-0.565947966584079,0.0193890692356555,-2.07083226546511,0.0426623180421182,0.073817037138665,-4.95671918795319
"153","allantoin",0.628511873866528,-0.100476412151421,2.05880198074582,0.0438400599910339,0.0753590573702086,-4.98011652777797
"154","tag_50_3",0.69910604123045,-0.0571308820836201,2.04509459745596,0.0452161856081998,0.0771049986048954,-5.00663137874262
"155","pe_o_38_4",-0.630536126557518,0.0968024879683485,-2.04287876032799,0.0454421094439498,0.0771049986048954,-5.01090312762411
"156","cer_d40_1",-0.439526076752443,-0.0741821262209081,-2.03511428425402,0.0462414765167003,0.0779583866916165,-5.02583989802613
"157","tag_46_2",0.778764710712011,-0.122676132262739,2.02673172428011,0.0471180708445324,0.0789302715421148,-5.04191010084261
"158","sm_d32_2",-0.4003990465489,-0.0290835668014244,-2.01509384044506,0.0483588151958032,0.0804695152723047,-5.06412520539756
"159","tag_54_1",0.735189214034804,-0.0583916472696613,2.01241032160918,0.0486488704497964,0.0804695152723047,-5.06923183162477
"160","oxamic_acid",0.372608483427745,-0.0205789864905488,1.99792682960476,0.0502403345071786,0.0825825498461748,-5.09669065713278
"161","tag_42_0",0.790656221052842,-0.072323387874714,1.99277282018392,0.0508173545714103,0.0830122003247261,-5.10642013866119
"162","pc_o_34_3",-0.587158494424007,0.0407559426740029,-1.96498539913222,0.0540272625269533,0.0877109262011649,-5.15849614922238
"163","pe_34_2",0.539179866456869,-0.0679399385536883,1.94691735265621,0.0562062114884856,0.0906885498249799,-5.19201240357105
"164","pc_o_38_5",-0.569698691474435,0.174426558928346,-1.93147227429019,0.058127873365851,0.0932172603367001,-5.22044677461914
"165","hydroxy_proline",0.743747882826153,-0.0436979088152525,1.91968778431386,0.0596314684731115,0.0950489467177474,-5.24200754300442
"166","dag_36_2",0.663583722793803,-0.052984832309356,1.89453903637291,0.062951067513307,0.0997357274457816,-5.28762889998594
"167","lpe_18_1",0.555696355265591,-0.0618202954985658,1.88605926846558,0.0641051256919237,0.100955976389077,-5.30289148146152
"168","tyrosine",0.580157563496115,0.00227420992226129,1.87112260280231,0.0661814881124034,0.10360554389025,-5.32962779942166
"169","dag_36_3",-0.63494891118242,0.0201943122390785,-1.84266620727723,0.0702945616684195,0.109393311945529,-5.38004026608096
"170","tag_50_4",-0.585995427935722,0.00156787963750655,-1.76043060593335,0.0834051685526067,0.129032701937268,-5.52183477281776
"171","pi_36_3",0.487880467338959,-0.0195663528065572,1.74209828964428,0.0865893964256811,0.133175504444176,-5.55264997915318
"172","lauric_acid_c12_0",-0.480284598304643,-0.0167890856938476,-1.71254756063474,0.091933557156305,0.140572822861094,-5.60170827185591
"173","pc_36_4",0.46927136103135,-0.00959742921970152,1.70591913776007,0.0931688647460928,0.141638216348106,-5.61260795102157
"174","pc_o_38_4",-0.482556605774257,0.140719086642983,-1.70167006930004,0.0939679012964589,0.142031942764188,-5.61957488460003
"175","tag_44_1",0.706632407858479,-0.103351911301871,1.69530479108618,0.095175421683876,0.143035062302054,-5.62998212145505
"176","pc_40_5",-0.44293995600562,0.130827362404831,-1.67047960856543,0.10000714550389,0.149442495838199,-5.67023240189034
"177","phenylalanine",-0.393751371072706,0.0282443863654095,-1.63589482036708,0.107070686379554,0.159093731739112,-5.72540378118503
"178","pc_35_5",-0.40030335077422,-0.00938426100586212,-1.6134821212032,0.111860860457199,0.164714964802534,-5.76059393028622
"179","pe_38_4",-0.495426445502271,0.0323524205542764,-1.61235443862292,0.112106382888417,0.164714964802534,-5.7623527524947
"180","glycine",-0.459330625105208,0.0259301110425938,-1.58322567425401,0.11860068753243,0.173288782339051,-5.80739303839323
"181","serine",0.532269360044815,0.0178235820664506,1.5765416056558,0.12013278083874,0.174557576577838,-5.81762179939478
"182","tag_56_4",-0.459161447947944,0.0377677426567978,-1.55985942792307,0.124025936230109,0.179224292464388,-5.84297701808491
"183","pc_38_3",-0.431327960065217,0.110043772056108,-1.54920014490757,0.126565915521444,0.181895277498031,-5.85904784058332
"184","pc_38_2",0.353529651764878,0.020613636047355,1.51970940224677,0.133809845330533,0.191260811532229,-5.90297999534076
"185","phosphoenolpyruvic_acid",-0.275135446249162,0.0276912090414763,-1.50575492089968,0.137350273978945,0.195260119224122,-5.92349549577239
"186","cholesterol_h2o",0.914526254200715,-0.055920257656396,1.49697223081073,0.139616256399634,0.197414384048946,-5.93631761009759
"187","pc_o_40_5",-0.404345582109905,0.106266146862371,-1.4850556986112,0.142737819567052,0.200748912011415,-5.95360360602623
"188","pc_34_3",-0.402975913180037,0.00322642855302848,-1.44175184448885,0.154545447026946,0.216199215787696,-6.01533724952913
"189","tag_52_4",-0.513963194814444,-0.000794586278080135,-1.42724068935253,0.158668066696757,0.22079207164681,-6.03564317708832
"190","thymine",0.221657842473852,0.00831114332144945,1.41624561198847,0.161848202526516,0.224031985602493,-6.05090114492198
"191","lac_cer_d34_1",0.393337273674139,-0.0180675311323242,1.40950479060348,0.163822119526538,0.225577054636018,-6.06020087926317
"192","xylitol",0.52795487562459,-0.0593365670613713,1.4009821572549,0.166344361053073,0.227857119567491,-6.07189938392392
"193","n_acetylglutamic_acid",0.164527900373548,0.0063283446221119,1.38989120518582,0.169671374801963,0.231210215403711,-6.08702373955558
"194","hexose_1_phosphate",0.177609587925178,-0.0344100482437507,1.35500200763635,0.180471011376027,0.244659154597397,-6.13386516031141
"195","pc_36_2",-0.313727591883559,-0.00721648265391321,-1.34373708750531,0.184067516204578,0.248255162881047,-6.14875008686605
"196","pe_36_0",0.345680633391711,-0.0196488771797185,1.32355169392319,0.190647690378146,0.255818074333941,-6.17512929468271
"197","uracil",0.195783715049588,-0.0243295885080032,1.31301038266778,0.194153831950499,0.259200293416148,-6.18875549911308
"198","uridine",-0.507279365929804,-0.0588744517543398,-1.2944222564873,0.200454257685949,0.266259948340428,-6.21253266060695
"199","tag_54_4",-0.450312404869327,0.0337509279797389,-1.29004157660014,0.201961120732207,0.26691344096769,-6.21808958241368
"200","uridine_monophosphate",0.180395768178024,-0.0195795490333241,1.27067168756592,0.208725493062585,0.274474023377299,-6.24244668074355
"201","n_acetylneuraminic_acid",0.168504173695282,-0.0164212938513137,1.26368851598947,0.211204997946971,0.276352808258971,-6.25114221503352
"202","ps_41_7",-0.241633821631784,-0.0064349055386858,-1.24488955621915,0.217988288171705,0.283816434599794,-6.27432501801222
"203","phosphoglyceric_acid",-0.202349985022342,-0.0133617894287168,-1.23214062482677,0.222679016490125,0.288495474566023,-6.28985918871791
"204","pi_38_3",-0.300960428301251,0.0414129006759096,-1.21719986730604,0.228269932068489,0.294289177127513,-6.3078705298197
"205","lpc_15_0",-0.285818060895121,-0.0105877430968072,-1.17744205100511,0.243645074377094,0.311370277753275,-6.35477932520418
"206","pe_o_34_3",-0.332209291882389,0.0367921792389955,-1.17683120089224,0.243886985616634,0.311370277753275,-6.35548845419302
"207","pentose",0.285622300186818,-0.0953885429204279,1.16591632856448,0.248238713896554,0.315395080941033,-6.3681001552318
"208","pc_o_38_3",-0.238970890586965,0.0496763334050865,-1.16103257658751,0.250203781214641,0.316363434901204,-6.37370677368188
"209","malic_acid",0.355123146519857,-0.0685356699956809,1.13369104856368,0.261410860183203,0.328952422144413,-6.4046793117328
"210","ps_38_4",-0.26188484169705,-0.0333903477248569,-1.12763172075226,0.263941969031771,0.330555894549313,-6.41144765056608
"211","kynurenic_acid",-0.109536081807488,0.00752901031593965,-1.09210385727305,0.279131207960011,0.347921837409871,-6.45043237404753
"212","myristic_acid_c14_0",-0.26104119495194,0.0186775522261559,-1.06977108497707,0.288985455682503,0.357908237516746,-6.47432421220017
"213","pc_33_1",0.274850879057407,0.0228583922778704,1.06780389874237,0.289864846353866,0.357908237516746,-6.47640596907679
"214","xanthosine",0.111357746647582,0.00622336057009023,1.05342877985239,0.296346987474908,0.364202138812621,-6.49150630108692
"215","pe_38_6",-0.378428946885123,0.0150874289051883,-1.04455645567455,0.300397024998068,0.367462407323218,-6.50072779949874
"216","sm_d34_1",0.226740229904047,-0.0020359905647301,1.02660482171502,0.308706786690613,0.375447331945838,-6.51915580853187
"217","lpc_14_0",-0.260791876313719,-0.0362185682966032,-1.02431094489261,0.309779737765197,0.375447331945838,-6.52148834125548
"218","adenosine_cyclic_monophosphate",-0.257302091391273,-0.000731408896794736,-1.01522614197391,0.314053892848482,0.378881531280508,-6.5306767392992
"219","sm_d44_2",-0.179804081797154,-0.01266499114954,-0.993659865035624,0.324358795041422,0.38952677212737,-6.5521720545361
"220","uric_acid",0.307981697613816,0.115482675762309,0.981711407739178,0.33016416781857,0.394696255164927,-6.56388895598404
"221","lpc_18_1",0.327927247599021,-0.0737942849385251,0.936387078348119,0.352808711506985,0.419858330888403,-6.60708553781492
"222","palmitic_acid_16_0",0.19623872872402,0.0644273889958348,0.918111243311779,0.362218058626102,0.429114186570562,-6.62394263065172
"223","pc_o_34_2",-0.24259021147526,0.00572336680881314,-0.869257600827808,0.388152764615717,0.457776578896563,-6.66741606701818
"224","sm_d36_1",-0.214448538748489,0.0088182668288367,-0.860616343200319,0.392858064480625,0.461257459635733,-6.67486459550459
"225","proline",-0.313427810583487,0.0887233026283572,-0.836845739174527,0.405983238136408,0.47286765938493,-6.69497948178616
"226","argininosuccinic_acid",0.100484247894728,0.0104571332037092,0.835866566673769,0.406529594855132,0.47286765938493,-6.69579626776785
"227","pi_36_5",-0.218611035822899,-0.00346761414326938,-0.832984152966175,0.408140527301822,0.47286765938493,-6.69819523737166
"228","sm_d42_2",0.221561899983349,0.0257494151039062,0.824560378784158,0.412870726063795,0.476250004187624,-6.70515974142629
"229","hexose",-0.0990241873262827,0.0794430952711319,-0.819036422638821,0.41599059048272,0.477753385576225,-6.70968920154279
"230","n_acetyl_galactosamine",0.24967422348753,0.00463009858845784,0.777826192639265,0.439712399266921,0.502801569596522,-6.74253972592991
"231","tag_56_1",0.250082649601952,-0.0578615378794519,0.772750232288139,0.442688374648943,0.504013171137108,-6.74647111146955
"232","adenosine_triphosphate",0.153305958364789,-0.013613728627793,0.760491843903902,0.449923813603578,0.510042943869574,-6.75586129625736
"233","lpe_22_6",-0.199013816254815,0.0280839434569373,-0.725669552972886,0.470848174081514,0.531472402504027,-6.78173191988178
"234","tag_52_3",0.246244404134041,-0.0436092603660214,0.710304979291841,0.480252877311747,0.539771396294826,-6.79276803543617
"235","lpe_18_2",-0.223159648597652,-0.0283434842986251,-0.701232672902532,0.485854988294681,0.543744093282984,-6.79917547619633
"236","aminoadipic_acid",0.209407939785187,-0.0362886773565642,0.681826166701777,0.497959172254759,0.554929077555092,-6.81260946895679
"237","hypoxanthine",-0.314354697987381,-0.103595312416963,-0.677135605952614,0.500909256592707,0.555861326936211,-6.81580077648211
"238","linoleic_acid_c18_2",0.169718404768337,-0.184129250803651,0.636451257252248,0.526890728827117,0.582236393619881,-6.84257015214012
"239","indoleacetic_acid",0.133652573992136,0.0129503009722549,0.631943767666728,0.529812073582237,0.583014959632336,-6.84543534888025
"240","pe_o_36_2",0.170573456753433,0.0556275594970822,0.605554505200021,0.547082897903412,0.599511675619156,-6.86180635447961
"241","lpc_17_0",-0.179225221218773,-0.0256713533312341,-0.594252196663773,0.55456628018183,0.605190587916271,-6.86860697542734
"242","carnitine",0.180935281492645,-0.0249510435444675,0.590288202094649,0.557202988858974,0.605555314338472,-6.87096212715365
"243","caproic_acid_c6_0",0.196468155800372,-0.0629195171141557,0.583052130993507,0.562032248365821,0.60829004658523,-6.8752211537115
"244","adenosine_monophosphate",0.0986280675035628,-0.0353189807728879,0.543102061594582,0.589061356047339,0.634930887870697,-6.89779948731346
"245","cer_d42_2",-0.110380326738077,-0.0528167379344604,-0.490612241000016,0.625481179574439,0.671434898890112,-6.92505224218309
"246","pantothenic_acid",0.0920722343804239,-0.0191743002752742,0.457558191743042,0.648914118825419,0.693757777443436,-6.94080494618708
"247","adipic_acid",-0.0781455380981312,0.0176363680945644,-0.406472046498964,0.685834679202999,0.73026121712708,-6.96300474288326
"248","pc_33_2",-0.104357198887495,-0.0543174284199524,-0.369838892267002,0.712798158020082,0.755910949835812,-6.97731638528033
"249","glc_cer_d40_1",0.0767155873186306,-0.0501465957035979,0.328066458462689,0.743997734094618,0.78582893199552,-6.99199463282191
"250","tag_48_3",0.110344591611799,-0.0743973333946017,0.319150149120599,0.750715524118504,0.789752731372666,-6.99490099090573
"251","pc_o_36_2",0.077003964304375,-0.0144534613135403,0.295135183140178,0.768904316941511,0.80142183298013,-7.00233188014762
"252","butyric_acid_c4_0",0.102625233187265,-0.0693002984439767,0.294688797756531,0.76924367991266,0.80142183298013,-7.00246452043152
"253","deoxycholic_acid",0.0818927320995035,0.000662180898380075,0.29089870741208,0.772126902885194,0.80142183298013,-7.00358265328465
"254","ce_18_1",0.073369329749955,-0.0180497306231586,0.288443000067054,0.773996751243167,0.80142183298013,-7.0042994180393
"255","lpe_20_4",0.0738518473100376,0.0589072843062226,0.237910808638909,0.812756747157484,0.838254998048699,-7.01770274654241
"256","threonine",-0.0582575042997428,0.0554127278652916,-0.181150153119119,0.856857166886211,0.880286855043256,-7.02969425890306
"257","lipoamide",0.0158250607504732,-0.00363684561783855,0.11796885137625,0.906484381060403,0.927647440540412,-7.03922521956472
"258","pe_40_2",-0.0269045721195902,-6.86698206997684e-05,-0.110737835065722,0.912191958904103,0.929870097642554,-7.04005939391384
"259","pe_36_4",0.0298255242607684,0.00966195062108067,0.0996616702059213,0.920943492815054,0.931933396098176,-7.04123490628347
"260","homocitrate",0.0116750969256508,0.0233286315336354,0.0992069727143229,0.921302977131277,0.931933396098176,-7.04128051950291
"261","glc_cer_d42_1",0.0216003069745395,-0.0330953589625805,0.0873921253971975,0.930649367795505,0.937780780575547,-7.04239262973329
"262","citrulline",-0.0226295327530617,-0.0325980150379738,-0.0679000703597765,0.946089807718057,0.947045724301071,-7.0439196205202
"263","pe_36_2",-0.0200723265036176,-0.0576274775497543,-0.06669425741359,0.947045724301071,0.947045724301071,-7.04400149478722
