"","feature","logFC","AveExpr","t","P.Value","adj.P.Val","B"
"1","aspartic_acid",3.19888975496734,-0.198220383389202,8.99645797130497,9.57403405567179e-13,2.51797095664168e-10,18.7368000583467
"2","glutamic_acid",4.11507057736945,-0.154837049869279,8.42126882333423,9.04859140382566e-12,7.93259846402049e-10,16.5190496254447
"3","pc_o_32_0",2.14040307718715,-0.0601406063943433,8.15660624358336,2.55880122445475e-11,1.682411805079e-09,15.4930461788456
"4","cer_d34_1",1.45934659435138,-0.0688094981454257,7.31116640072848,7.16874609018193e-10,3.77076044343569e-08,12.2065983666151
"5","pc_32_0",1.88218351923605,-0.0705629895936867,7.05171819412214,1.99301485945019e-09,8.73604846725667e-08,11.1996576726872
"6","lpc_o_18_1",2.62752183256773,-0.121486008656291,6.82380559707615,4.88432250566025e-09,1.83510974141235e-07,10.3176314595545
"7","lpc_o_16_0",2.366470565796,-0.114520473200633,6.41835754775288,2.38857908335385e-08,7.85245373652578e-07,8.75779884539643
"8","citramalic_acid",1.78245329651745,-0.161387540949179,6.0440550940253,1.02080672671906e-07,1.86326264490155e-06,7.33320159261927
"9","taurocholic_acid",1.50535172795982,-0.143199141620255,6.04350690718039,1.02296859496323e-07,1.86326264490155e-06,7.33112892854089
"10","acetic_acid_c2_0",2.27573202928921,-0.020267892477849,5.95877877962078,1.41796579337945e-07,2.33078127286747e-06,7.01132345766382
"11","sm_d36_0",1.81221945009003,-4.21674435998976e-05,5.89655479494772,1.80109855962139e-07,2.78640541870839e-06,6.77717868911614
"12","pc_32_1",2.04215459583157,-0.076990769581807,5.80539376884013,2.55433382852061e-07,3.19899903286153e-06,6.43531291357101
"13","pc_o_34_1",1.7068376122399,-0.0390406446884091,5.77793652433405,2.83709909422522e-07,3.39162300809651e-06,6.3326287120805
"14","sm_d34_0",1.52251212858471,0.00271607453291679,5.7637510055084,2.99510260082877e-07,3.4248347131216e-06,6.27963108330144
"15","lac_cer_d42_2",1.43398312707975,-0.0181666552667788,5.53262869595995,7.20861199343156e-07,7.58345981709e-06,5.42158504811511
"16","lpe_16_0",1.52817990867003,-0.0994476136678347,5.4482334942018,9.91055713004682e-07,9.31409057573232e-06,5.11101258775517
"17","isovaleric_acid_3_me_4_0",2.41752569965068,-0.0137016158284294,5.19887821569166,2.51708000679828e-06,2.06872513058734e-05,4.20304967585683
"18","tag_48_0",1.82924697349928,-0.105227471179578,5.01465897332991,4.96648058293473e-06,3.84171880385833e-05,3.54252450206423
"19","lpc_o_16_1",1.66486226087831,-0.116669801507389,4.8770369618716,8.20599407603011e-06,5.67941168946295e-05,3.05539594382275
"20","ps_34_0",1.13253996304638,-0.00163938488093996,4.80160296467817,1.07827144405527e-05,7.08963474466343e-05,2.79084700341867
"21","tag_50_0",1.73530525624586,-0.0957102952383519,4.7451624452647,1.32131973426371e-05,8.47578268564281e-05,2.59410009092233
"22","glc_cer_d34_1",0.982210006140615,-0.0243760154494108,4.639600638427,1.92765866165254e-05,0.000115221415457868,2.22896722906406
"23","lpe_20_3",0.842992824893918,-0.0723769349532633,4.60345168905654,2.19210559332587e-05,0.00012811639356549,2.10481030251018
"24","lpe_18_0",1.05091690111749,-0.0971220199971611,4.47006309347065,3.51013106486776e-05,0.000200687928273961,1.65073378629544
"25","tag_50_1",1.68421630342135,-0.0875954279417228,4.32197582370239,5.87905285977554e-05,0.000297344404254032,1.15447573831641
"26","hydroxy_glutamic_acid",0.672395820937201,-0.0179484374393455,4.2655878911788,7.14035705029323e-05,0.000347761834116133,0.967797503203231
"27","succinic_acid",1.64860888534177,-0.0984114186760843,4.22080205166508,8.32545133666937e-05,0.000390998875275722,0.820459834959518
"28","tag_50_2",1.41547912209125,-0.0957645783849504,4.10472236748657,0.000123520947676156,0.000541433487313818,0.442532403356418
"29","lpc_16_1",1.21124565205025,-0.0918750352311007,4.07271801508985,0.000137589138762948,0.000593212188436971,0.339364833167544
"30","ps_36_3",1.09607170791626,-0.0105392638089484,3.86794335422006,0.000271689184806869,0.00109929624006471,-0.309674717549842
"31","pc_34_1",1.13390382985233,-0.0600737838718044,3.78734156409844,0.000353417791037673,0.00136689528004276,-0.559674578357744
"32","ps_41_6",1.08888647641684,-0.0409166949000772,3.73798783310254,0.000414587968146258,0.00158024109597777,-0.711162112380393
"33","pc_o_32_1",0.945977393448169,-0.0286169777133771,3.55638064145515,0.000738919494828346,0.00255705035710335,-1.25777863660544
"34","oleic_acid_c18_1",1.16039110979858,-0.164756229457802,3.42496575586921,0.00111171047203268,0.00365773501925379,-1.64225020836123
"35","hydroxyglutaric_acid",0.780404925011165,-0.15532092637365,3.33990203004419,0.00144159658291182,0.00462365733299767,-1.88592771430548
"36","orotic_acid",0.37717228710893,-0.00714339514919676,3.25887299826002,0.00184015475240851,0.00562744999864464,-2.11412891333969
"37","myristoylcarnitine",0.651157594148023,-0.131616918985841,3.16374028352854,0.00244013051163567,0.00705224532483716,-2.37703186635707
"38","tag_48_1",1.1881520544596,-0.082569869358969,3.05513503766161,0.00334767529742176,0.00899970980360943,-2.67034063768925
"39","palmitoleic_acid_16_1",1.05775463067385,-0.0477361672829005,3.05453134875579,0.00335350403328412,0.00899970980360943,-2.67195024607155
"40","dag_34_1",1.07006673927524,-0.10155691298979,3.04469948236832,0.003449775803149,0.00916455592149683,-2.69813212643473
"41","palmitoylcarnitine",0.708028826089292,-0.0539421727032005,3.00523472682905,0.00386273812666062,0.0101590012731174,-2.80260202289489
"42","valeric_acid_c5_0",0.817558943566175,-0.0473075310418901,2.99821931846836,0.00394080182673932,0.0102616918854697,-2.82106795900626
"43","tag_46_0",1.08350903781672,-0.0936495187807907,2.95956890510628,0.00439785518179102,0.0112294748816606,-2.92223014243004
"44","glc_cer_d38_1",0.68886437551309,-0.0750775512891056,2.91054960765045,0.00504836821986667,0.012766546556009,-3.04912266888858
"45","aconitic_acid",0.301003024508526,-0.0111364261907037,2.90448092991194,0.00513483320930767,0.0128615346099802,-3.0647216108515
"46","tag_52_2",1.05959378374934,-0.0466858088976316,2.83917673297397,0.00615607910939789,0.014718625507015,-3.23102023924202
"47","tag_48_2",1.03765562241535,-0.0974594454201451,2.81911169745985,0.00650566503104694,0.0154143234519401,-3.28153828726169
"48","pc_36_1",0.845305508490785,-0.0482164229438257,2.79869486906938,0.00688008730987079,0.0158724821271581,-3.33266040299846
"49","erythro_dihydrosphingosine",0.855467188511363,-0.0619038037665072,2.7426559566907,0.00801206432355054,0.0178573976024898,-3.47150443727617
"50","deoxyuridine",0.318546570334766,-0.0202309589343683,2.65617641808182,0.0100975656679314,0.0223164686610585,-3.68146953805888
"51","pi_36_1",0.904022521231484,-0.0773961026139844,2.57628296589764,0.012452854312056,0.0270669478022375,-3.87071541151216
"52","xanthine",0.733698375560165,-0.0839138493114048,2.51926359686553,0.0144276681524234,0.0308494042608728,-4.00294788407551
"53","tag_52_1",0.949207852624711,-0.0526767630498944,2.50291226855404,0.0150440347077482,0.0319079123236918,-4.04042726048093
"54","tag_46_1",1.05440490366821,-0.0986653088923188,2.47541989114411,0.0161341253657406,0.0339461997695182,-4.1029969457368
"55","cer_d42_0",0.487525378544369,-0.0798889826896985,2.39189309154715,0.0198957359294062,0.0411543781010733,-4.28962489385468
"56","glc_cer_d42_2",0.632822788905981,0.00939181487890629,2.38919233384146,0.0200295072126897,0.0411543781010733,-4.2955713877729
"57","tag_54_2",0.859038608142738,-0.04600020796935,2.35419896703443,0.0218369456312202,0.0441778207770071,-4.37211648047886
"58","lpc_18_0",0.78144110042258,-0.0870239047499438,2.34640335400839,0.0222588906263113,0.0446876964482434,-4.38904112406022
