"","feature","logFC","AveExpr","t","P.Value","adj.P.Val","B"
"1","pyruvic_acid",-4.77384259173164,0.277985985793281,-8.52377947839931,6.0548733041964e-12,7.93259846402049e-10,16.9156507161528
"2","isocaproic_acid_4_me_5_0",-1.23710574410146,0.113104974236528,-6.33651347039408,3.28555247768917e-08,9.60111446258057e-07,8.44483059727949
"3","pc_39_6",-1.38381974702519,0.0829851348267606,-6.28763661329193,3.97345899796834e-08,1.04501971646567e-06,8.25829122755043
"4","ce_18_2",-1.41814737081335,0.0841988659417681,-6.21831436305818,5.20095052371961e-08,1.24349998885296e-06,7.99421766660042
"5","asparagine",-1.74276721675929,0.133254304392488,-6.11926413168459,7.63374271430745e-08,1.67306194488572e-06,7.61797608266508
"6","pc_37_4",-1.50871386609079,0.103022677235827,-6.03363231095841,1.06269732598948e-07,1.86326264490155e-06,7.29380126526104
"7","ce_20_3",-1.6667599414733,0.147851681673657,-5.87835641250049,1.9313969978729e-07,2.82198561355873e-06,6.70881934338906
"8","cis_4_7_10_13_16_19_docosahexaenoic_acid_c22_6",-1.15114353024447,0.1364091565696,-5.82123452885863,2.40407963946705e-07,3.19899903286153e-06,6.49461485540279
"9","pe_42_6",-1.35320438419316,0.120236482772881,-5.81177728055508,2.49269799742672e-07,3.19899903286153e-06,6.45920510110376
"10","ce_20_4",-2.07878485476011,0.178400412175212,-5.73938107638436,3.28711588018848e-07,3.60213115203987e-06,6.18866999902137
"11","pc_36_5",-1.67222000884831,0.111765693659998,-5.47385239046137,8.99900956346241e-07,9.10284428919466e-06,5.20512443902966
"12","alpha_ketoglutaric_acid",-2.48107800592775,0.232894945997346,-5.44808380772383,9.91614205781387e-07,9.31409057573232e-06,5.110463140035
"13","pc_38_6",-1.3607459573222,0.120837157374004,-5.42627617779245,1.07638589233287e-06,9.76170654081192e-06,5.03046877165734
"14","erucic_acid_c22_1",-1.25610081670507,0.0230600133866491,-5.38960413267749,1.23533058975627e-06,1.082973150353e-05,4.89619361067605
"15","pc_37_3",-0.957804976745923,0.0747093176427932,-5.20888840426142,2.42526608369879e-06,2.05756445165413e-05,4.23920275134327
"16","pc_38_5",-0.982311990339037,0.0773283182853841,-5.12786132473988,3.27413449150253e-06,2.6093859735308e-05,3.94731981631026
"17","pe_40_4",-1.04562742891578,0.0776277994259319,-4.97861068325809,5.6673501447366e-06,4.15111615697686e-05,3.41438441904347
"18","linolenic_acid_c18_3",-0.818871826563885,-0.00378062926376442,-4.97789825363842,5.68213618445502e-06,4.15111615697686e-05,3.41185577707521
"19","taurine",-1.52115523139458,0.0965271635048696,-4.90454446857166,7.42532312509604e-06,5.27799995108178e-05,3.15230674223996
"20","tag_56_7",-1.70071600784262,0.0756927500762848,-4.83035517588176,9.71862944788314e-06,6.5538449866494e-05,2.89146993856638
"21","pc_35_2",-1.15073644453091,0.034168070282838,-4.72282113636255,1.43166651640139e-05,8.96495937651347e-05,2.51650918116159
"22","sm_d40_2",-1.09016512388218,-0.0250117352212456,-4.64571457660476,1.88612298048875e-05,0.000115221415457868,2.25001123368389
"23","cer_d42_1",-0.953152854761067,-0.0449511222590059,-4.38593297304154,4.70947453304869e-05,0.000263530170679107,1.36775637990614
"24","histidine",-1.2317133559059,0.0833918007240126,-4.37935953435322,4.81839210590166e-05,0.000264007734135862,1.34576124378817
"25","pe_o_38_7",-1.0798977626315,0.064701253849403,-4.35751039638842,5.19828719978282e-05,0.000273897475520126,1.27277452830172
"26","pyridinedicarboxylic_acid",-2.12578889392174,0.0499511242148726,-4.38715126887296,5.2071763406868e-05,0.000273897475520126,1.31527887962555
"27","caprylic_acid_c8_0",-0.972597490592498,-0.031568753460675,-4.34066595782278,5.51086528280197e-05,0.000284187758701357,1.21663468822968
"28","pe_o_38_6",-1.31508435970427,0.127796158173922,-4.28390112409351,6.704392453713e-05,0.000332689663269155,1.02828348755763
"29","cer_d41_1",-0.838430751157145,-0.0274926537185053,-4.24538261936529,7.65324922625164e-05,0.00036596446300076,0.901222533722539
"30","tag_46_4",-0.899870211111359,-0.0118644127756013,-4.19564911556865,9.07236733573973e-05,0.000418602212157815,0.73807884976431
"31","lpc_18_2",-1.38866541314127,0.0014041634128489,-4.1770374385982,9.66638026861714e-05,0.000438320346663156,0.677294260722509
"32","sm_d41_2",-1.09861718905312,0.00734588153664229,-4.16785891381118,9.97301012394362e-05,0.000444559603830029,0.647372165371075
"33","pentadecanoic_acid_c15_0",-0.78021158876244,0.178777721857454,-3.97596915388073,0.000190160243727712,0.000800548875606345,0.0302912412248499
"34","phenylpyruvic_acid",-0.535105135127343,0.0468661018220201,-3.97343923040511,0.000191766460696577,0.000800548875606345,0.022266630280372
"35","tag_54_6",-1.41335443579199,0.0512688148800024,-3.89172067559709,0.000251274287105371,0.00103258027357363,-0.235321433945634
"36","acetylcarnitine",-1.7414919527804,0.112791531690783,-3.85369293841405,0.000284678155675182,0.00113439931731171,-0.354105958967927
"37","pe_38_2",-1.00264412912786,0.0297382557792397,-3.84666847992456,0.000291298189164306,0.00114345408582407,-0.375971184677852
"38","sm_d34_2",-0.809727711352887,-0.0334652781043177,-3.72319647323829,0.00043481340030235,0.00163365606113597,-0.756323413853283
"39","arachidonic_acid_20_4",-0.767567632772403,0.150934940884889,-3.71484766054047,0.00044664268226064,0.00165446514696547,-0.7817649559789
"40","pe_40_6",-0.886288057099741,0.0770125011357336,-3.70883644101603,0.000455349806420184,0.00166329165400706,-0.800061016012475
"41","pc_o_38_6",-0.893700619514829,0.137419355021279,-3.63480325953699,0.000576803527141923,0.00207807298134693,-1.02386032324999
"42","valine",-0.967657597383162,0.102172237042136,-3.56870620079595,0.000710843244103045,0.00252637531350136,-1.22123229348789
"43","leucine",-1.10320260643091,0.0873202945719214,-3.56378755237602,0.000721923377235147,0.00253154464283792,-1.23582634935261
"44","sm_d40_1",-0.852578169268832,0.000765226761157469,-3.51164618578982,0.000849945991564959,0.00290306228287772,-1.38972649726548
"45","alanine",-0.908978549887321,0.059128689190656,-3.49749998678363,0.000888237495119343,0.00299495463097932,-1.43122362657403
"46","methionine",-1.68258682576325,0.269187836082724,-3.42470017952172,0.00111261901726351,0.00365773501925379,-1.643017428937
"47","pc_40_6",-0.93201429067895,0.14528751952496,-3.40123914624695,0.00119571543958422,0.00388238469889691,-1.71063569356088
"48","sm_d36_2",-0.892120050979597,0.00340868163973969,-3.33406395677286,0.00146733992086102,0.00464952288176444,-1.90249848889383
"49","pi_38_4",-0.784695952492111,0.0880147077875242,-3.29981956424769,0.00162730025934225,0.00508777320218371,-1.99929589679591
"50","glyceric_acid",-0.893688052101737,0.107593753774081,-3.29636152407511,0.00164433734671337,0.00508777320218371,-2.00903227061313
"51","sm_d38_1",-0.810056240637232,0.00125672625622238,-3.24567545737295,0.00191417056426269,0.00578651561380559,-2.15092786974903
"52","lpc_22_6",-0.88966398161336,0.00468744360893638,-3.22807044703964,0.00201727287677006,0.00602889507489235,-2.19985336064415
"53","sm_d41_1",-0.887572464144108,0.0163936785724697,-3.20981921658666,0.00212965893999547,0.0062932618114473,-2.25037713607299
"54","capric_acid_c10_0",-0.66908851245969,-0.0231347772881691,-3.16672068335785,0.00241882902364032,0.00705224532483716,-2.36887916982717
"55","sm_d33_1",-0.847432647053164,0.0117343414608847,-3.14583834571177,0.00257182636696169,0.00735206885337962,-2.425886149737
"56","tryptophan",-0.930604376336179,0.0488209977868875,-3.10034817168184,0.00293705250516028,0.00830585815975435,-2.54913274249849
"57","dimethyl_succinic_acid",-0.427072712416138,0.0555034562306055,-3.07912216037395,0.00312358314782422,0.00873938689231669,-2.60619668234601
"58","lpc_20_4",-0.991396585195577,0.0697045215581191,-3.07281427325885,0.00318111423001757,0.00880666360520654,-2.62309996227141
"59","pe_o_38_5",-1.06505380461687,0.133944883402555,-3.0597232829904,0.00330368292891723,0.00899970980360943,-2.65809947284788
"60","pc_o_36_5",-0.795094919108115,0.140617790268349,-2.96967586958235,0.00427380212358084,0.0110197054755075,-2.89587057405577
"61","tag_54_5",-1.02629608786296,0.0587352375666043,-2.89068525523516,0.00533651813913107,0.0132406063263346,-3.10009079981731
"62","tag_53_4",-0.766808097799708,0.0351620003386295,-2.88136449148229,0.00547690621772972,0.0134619283669431,-3.12391532837723
"63","pc_38_4",-0.797346450484865,0.135476918250592,-2.84539941791178,0.00605123732342103,0.014718625507015,-3.21529778684002
"64","sm_d38_2",-0.719555673185323,-0.000880455401173412,-2.8418669698728,0.00611054908487824,0.014718625507015,-3.224226210672
"65","dag_36_4",-1.02045920245911,-0.0199872322930057,-2.81532408658872,0.00657367441144497,0.0154363961625895,-3.29104367407479
"66","sm_d35_1",-0.713732070392084,0.0383612796535247,-2.80075095974076,0.00684150145133977,0.0158724821271581,-3.32752502515794
"67","pe_42_4",-0.528936236025765,0.0735584771441064,-2.7821479176491,0.00719798918039755,0.0164614882995179,-3.37388313692072
"68","kynurenine",-0.703550851721699,0.00728105420650144,-2.77058028892195,0.00742819322206629,0.0168063860388825,-3.40258919286598
"69","sm_d32_1",-0.672604012703452,-0.023766897470746,-2.7681896209303,0.00747660519600477,0.0168063860388825,-3.40851032584053
"70","pe_o_36_5",-0.931900566302223,0.122828909660231,-2.62979385911945,0.0108261375087454,0.023727284706667,-3.74446980674017
"71","pc_o_40_7",-0.698793081041806,0.127312053489991,-2.55615308534072,0.0131201470031957,0.0282835955888563,-3.91766976446864
"72","pc_34_2",-0.572572200057479,-0.0203763868370509,-2.4614313949865,0.016715658418378,0.0348906203494716,-4.13461733267817
"73","lactic_acid",-0.647224289637217,0.00751291034650468,-2.37775237380657,0.0206051047542743,0.0420088569796445,-4.32069818817797
"74","creatinine",-0.651447975596417,0.0293716400287774,-2.32112020785421,0.0236777975781653,0.0471762179019506,-4.44361038340053
"75","lpc_20_3",-0.629655531805364,0.0354732761598217,-2.31395697509176,0.0240941644189306,0.047644851444953,-4.45898131003784
