"","feature","logFC","AveExpr","t","P.Value","adj.P.Val","B"
"1","cer_d34_1",1.54604930970772,-0.0688094981454257,7.95778330070438,5.59681678137795e-11,1.4719628135024e-08,14.8235213241553
"2","pc_o_32_0",1.5772014948396,-0.0601406063943433,6.17506678139775,6.15045652231606e-08,5.42123707474381e-06,8.00337632477963
"3","deoxyuridine",0.720640438596657,-0.0202309589343683,6.17366642230363,6.18392061757849e-08,5.42123707474381e-06,7.99810481395738
"4","citramalic_acid",1.70571289652704,-0.161387540949179,5.94232958859302,1.51059275735243e-07,9.93214737959221e-06,7.13093090266825
"5","lpc_o_18_1",2.20442260798563,-0.121486008656291,5.88187399713495,1.9055039845381e-07,1.00229509586704e-05,6.90561514621041
"6","glutamic_acid",2.74076994923523,-0.154837049869279,5.76253232709077,3.00907591455757e-07,1.31897827588107e-05,6.46259777556763
"7","pyruvic_acid",-2.97127383220623,0.277985985793281,-5.45063796202255,9.82126838844581e-07,3.68999083737321e-05,5.31725883997859
"8","lpc_o_16_0",1.90340482474967,-0.114520473200633,5.30389006022323,1.70263808873634e-06,5.59742271672073e-05,4.7854739352106
"9","pc_o_34_1",1.42575836755385,-0.0390406446884091,4.95869091758422,6.09534442051346e-06,0.000178119509177227,3.55567782323022
"10","ps_34_0",1.08026615712729,-0.00163938488093996,4.70548105478185,1.52347075555821e-05,0.00040067280871181,2.67528803509274
"11","cis_4_7_10_13_16_19_docosahexaenoic_acid_c22_6",-0.887498324484218,0.1364091565696,-4.61098500063878,2.13422846773537e-05,0.000504450993724179,2.35203286776691
"12","aspartic_acid",1.58844462252458,-0.198220383389202,4.58970644349769,2.301677537905e-05,0.000504450993724179,2.2796645521261
"13","lpe_16_0",1.2323360067359,-0.0994476136678347,4.51388938328687,3.00898636081303e-05,0.000589677633646194,2.02311126728057
"14","ce_20_3",-1.23457787974003,0.147851681673657,-4.47344291211395,3.46875508115252e-05,0.000589677633646194,1.88709538611761
"15","lpe_20_3",0.796871666279465,-0.0723769349532633,4.47083502741317,3.50063888398704e-05,0.000589677633646194,1.87834607333621
"16","ce_20_4",-1.57367107155026,0.178400412175212,-4.46385446309924,3.58739244803768e-05,0.000589677633646194,1.85493905605071
"17","tag_56_7",-1.51149991252035,0.0756927500762848,-4.41058240278391,4.32195453082468e-05,0.000668631789180524,1.67690919227456
"18","lpe_18_0",0.994113195562099,-0.0971220199971611,4.34431855349906,5.44157260234529e-05,0.00079507421912045,1.456972381821
"19","lpc_o_16_1",1.43345766011878,-0.116669801507389,4.31422862328162,6.03857059404692e-05,0.000835865298018074,1.35766598695201
"20","erucic_acid_c22_1",-0.972252747973593,0.0230600133866491,-4.28599930819382,6.65612279058376e-05,0.000875280146961765,1.26482716370931
"21","glc_cer_d38_1",0.980195275756294,-0.0750775512891056,4.2549497241852,7.4060974066599e-05,0.000927525532357883,1.16308353940228
"22","valine",-1.11158334083263,0.102172237042136,-4.2118380341807,8.58454071915979e-05,0.00102624282233592,1.02246754260129
"23","hydroxy_glutamic_acid",0.641651706163565,-0.0179484374393455,4.1820940051118,9.50137143432172e-05,0.0010864611683594,0.925901545545416
"24","acetic_acid_c2_0",1.51226858599975,-0.020267892477849,4.06823113505372,0.000139681055243555,0.00148326962212176,0.559717612378341
"25","isocaproic_acid_4_me_5_0",-0.77254548092107,0.113104974236528,-4.06544549952894,0.000140995211228304,0.00148326962212176,0.550829551734854
"26","oleic_acid_c18_1",1.31301006443914,-0.164756229457802,3.98162581699796,0.000186615636917371,0.00181853295808222,0.285008310766827
"27","pc_39_6",-0.852748421450643,0.0829851348267606,-3.98079105326033,0.000187134688646165,0.00181853295808222,0.282376945075728
"28","leucine",-1.19634124123808,0.0873202945719214,-3.97056353359736,0.000193608071582898,0.00181853295808222,0.250163347343066
"29","hydroxyglutaric_acid",0.897805294766567,-0.15532092637365,3.94762996147654,0.000208916755024411,0.00189465884729035,0.178104248265612
"30","histidine",-1.06916177413011,0.0833918007240126,-3.90557445379978,0.000240068060715748,0.00209943365181311,0.0465967259360616
"31","adipic_acid",0.72910941795067,0.0176363680945644,3.89636608141806,0.000247461761240328,0.00209943365181311,0.0179127650902675
"32","pc_38_6",-0.938770806948763,0.120837157374004,-3.84613890596798,0.000291803219700619,0.00239825771191447,-0.137835460804495
"33","asparagine",-1.02981728658516,0.133254304392488,-3.71501475700858,0.000446402936138101,0.00355769612740365,-0.538649615285398
"34","orotic_acid",0.41674527320334,-0.00714339514919676,3.6994647301949,0.00046924910970233,0.00362977987799155,-0.585613387010849
"35","pc_40_6",-0.971464258780891,0.14528751952496,-3.64235248920742,0.000563128098874695,0.00419791546300347,-0.757040933286178
"36","pc_32_0",0.944604528464545,-0.0705629895936867,3.63599730996191,0.000574619607103136,0.00419791546300347,-0.776012428553133
"37","xanthine",1.02647970082819,-0.0839138493114048,3.6211537677865,0.000602337818987999,0.00422019079083463,-0.820241382357217
"38","acetylcarnitine",-1.59106169123005,0.112791531690783,-3.6172889547896,0.000609761407040745,0.00422019079083463,-0.83173837092457
"39","ps_36_3",0.954495628030732,-0.0105392638089484,3.4606336698572,0.000995876653791833,0.00663008410388795,-1.2910410899768
"40","argininosuccinic_acid",0.404454444931842,0.0104571332037092,3.45660002555354,0.00100837781047725,0.00663008410388795,-1.30269106735458
"41","ce_18_2",-0.760726112480313,0.0841988659417681,-3.42704795445924,0.00110461152744998,0.00708567882242305,-1.38776732510589
"42","oxamic_acid",0.618751838434205,-0.0205789864905488,3.40866161969065,0.00116881046674722,0.00731897982748857,-1.44045237818382
"43","methionine",-1.62038144938904,0.269187836082724,-3.38846405429552,0.00124340064804963,0.00760498535900123,-1.49810768443236
"44","aconitic_acid",0.338409494973744,-0.0111364261907037,3.3549091002177,0.00137736598848935,0.00823289215847046,-1.59337987028649
"45","tryptophan",-0.976906397208555,0.0488209977868875,-3.34378911078741,0.00142469349754982,0.00832654199679115,-1.62481049433571
"46","pe_42_6",-0.753844681069898,0.120236482772881,-3.32635034921814,0.00150201976105102,0.00858763472079168,-1.67395754421088
"47","sm_d36_0",0.9926209021887,-4.21674435998976e-05,3.31826843215442,0.00153918482162942,0.00860155305471941,-1.69667482940064
"48","isovaleric_acid_3_me_4_0",1.49891287817741,-0.0137016158284294,3.31173427957257,0.0015698651962986,0.00860155305471941,-1.71501379753875
"49","thymine",0.502327561148178,0.00831114332144945,3.29748653431929,0.00163877626628695,0.0087958807761932,-1.75491571563282
"50","caprylic_acid_c8_0",-0.715267487532064,-0.031568753460675,-3.27968590383245,0.0017288824191312,0.0090939215246301,-1.80460084403023
"51","xanthosine",0.335627926840925,0.00622336057009023,3.26199569189267,0.00182304034291228,0.00924614949156732,-1.85379307599871
"52","alanine",-0.823886763748651,0.059128689190656,-3.25695801602727,0.00185072482784163,0.00924614949156732,-1.8677678136052
"53","lactic_acid",-0.860939396311862,0.00751291034650468,-3.24956288497802,0.00189208255554185,0.00924614949156732,-1.88825498339681
"54","pc_38_5",-0.605685553227777,0.0773283182853841,-3.248438055367,0.00189844894503664,0.00924614949156732,-1.89136832063992
"55","taurine",-0.976530479972605,0.0965271635048696,-3.23483022534484,0.00197708192959165,0.00945404631786553,-1.92897282820224
"56","tag_54_6",-1.13850513610021,0.0512688148800024,-3.22081750177591,0.00206124981587035,0.0096805125281054,-1.9675807180492
"57","tag_50_4",-1.03786380787575,0.00156787963750655,-3.20335889395728,0.00217083085424721,0.0100162897310003,-2.01551793672093
"58","alpha_ketoglutaric_acid",-1.39792521043307,0.232894945997346,-3.15375422885303,0.00251279200434192,0.0113942120196884,-2.15071440502318
"59","pc_37_3",-0.552982868184525,0.0747093176427932,-3.08972757281018,0.00302904258864292,0.0135023423866625,-2.32298673944019
"60","phenylalanine",-0.718735186565503,0.0282443863654095,-3.06791097466573,0.00322651684539594,0.0141428988389855,-2.38110489174395
"61","pc_36_5",-0.901121205082081,0.111765693659998,-3.03056374749928,0.00359271536824616,0.0154899039647335,-2.47990003480989
"62","tag_46_4",-0.622427312414494,-0.0118644127756013,-2.98159378695596,0.00413170217354372,0.0175264140587419,-2.60809559477884
"63","glc_cer_d34_1",0.606591793049681,-0.0243760154494108,2.94383404463568,0.00459765839742148,0.0188248367718791,-2.70588938535567
"64","pc_37_4",-0.716391966567992,0.103022677235827,-2.94349440082244,0.00460206270725881,0.0188248367718791,-2.70676482228074
"65","linolenic_acid_c18_3",-0.470675057370909,-0.00378062926376442,-2.93962422920036,0.00465252619837316,0.0188248367718791,-2.71673493044455
"66","ps_41_6",0.827357917672663,-0.0409166949000772,2.91802665508214,0.00494369234016422,0.0196998649312604,-2.77219340837889
"67","arachidonic_acid_20_4",-0.577325662707771,0.150934940884889,-2.87068649774289,0.0056419318095974,0.0221466875511062,-2.89267896156576
"68","tag_53_4",-0.728787006393839,0.0351620003386295,-2.813537306834,0.00660598431637497,0.025549615811862,-3.0361388167441
"69","pc_40_5",-0.72394129060563,0.130827362404831,-2.80504747508675,0.00676151292451636,0.0257519597409376,-3.05726282959166
"70","sm_d34_0",0.719921134999664,0.00271607453291679,2.80007665931673,0.00685413377135221,0.0257519597409376,-3.06960829593567
"71","cholic_acid",0.653867414320594,-0.0144993081207202,2.76943039507231,0.00745144294748875,0.0275895960130978,-3.14534936522935
"72","sm_d41_1",-0.744030000351452,0.0163936785724697,-2.76444368740944,0.00755304529636138,0.0275895960130978,-3.1576130918226
"73","isoleucine",-0.841451431973959,0.121603631316009,-2.74505824497127,0.00796022608456886,0.0284768502607226,-3.20512509723966
"74","pi_36_2",0.966792245637221,-0.0735034223960787,2.74263592909585,0.00801249779199039,0.0284768502607226,-3.21104379005095
"75","pentadecanoic_acid_c15_0",-0.516287002147209,0.178777721857454,-2.70310147266935,0.00891135003121729,0.0312491341094686,-3.30706806512431
"76","lpc_18_0",0.867757857980473,-0.0870239047499438,2.67698245180484,0.00955486455467415,0.033064860235254,-3.36991056152963
"77","glyceric_acid",-0.7042136464302,0.107593753774081,-2.66866382815922,0.00976856604156818,0.0333653619341874,-3.3898247615253
"78","pi_36_1",0.908272534191988,-0.0773961026139844,2.65932270518344,0.0100137322937525,0.0337642511956014,-3.4121286865425
"79","valeric_acid_c5_0",0.683423744395502,-0.0473075310418901,2.57498637735955,0.0124948891795981,0.0412070552918325,-3.6106938895441
"80","tag_56_4",-0.737409982392626,0.0377677426567978,-2.57376923756284,0.0125344654880099,0.0412070552918325,-3.61352229261267
"81","tag_54_5",-0.88639053392296,0.0587352375666043,-2.56503792766743,0.012821722462655,0.0416310247861514,-3.63378085501673
"82","sm_d41_2",-0.655165230751911,0.00734588153664229,-2.55363021893941,0.0132060253022567,0.0423559104206525,-3.66016617790172
"83","dag_36_4",-0.898318222871667,-0.0199872322930057,-2.54626445259583,0.0134596781080675,0.042649341474961,-3.6771526199899
"84","tyrosine",-0.763291143256089,0.00227420992226129,-2.52922262175613,0.0140635375284748,0.0440322663093915,-3.7163021493987
"85","pe_o_38_7",-0.6074378963809,0.064701253849403,-2.5182463975621,0.0144653355013169,0.0447574498452511,-3.74140526971184
"86","pentose",0.593133278390155,-0.0953885429204279,2.48752876503422,0.0156455180730033,0.0478461773627893,-3.81118863200533
"87","lpe_20_4",0.743091908555039,0.0589072843062226,2.45943806449787,0.0168000436000035,0.0507863386988612,-3.87439545849192
"88","sm_d32_1",-0.570309203230902,-0.023766897470746,-2.41150024235609,0.0189483070520879,0.0566295994852173,-3.980905475606
"89","lpc_16_0",0.810577094034633,-0.11529268586729,2.36997994308406,0.0210045606482239,0.0620696567469988,-4.07176305102646
"90","pc_o_38_6",-0.559386006581389,0.137419355021279,-2.337442820465,0.0227528520196634,0.0663540702764856,-4.14205009760736
"91","pc_34_1",0.680074219596219,-0.0600737838718044,2.33375419509471,0.0229590129093543,0.0663540702764856,-4.14996737346801
"92","n_carbamoyl_aspartic_acid",0.332237344191823,-0.0161210929957484,2.31195973014702,0.0242114095144671,0.0692130511120091,-4.19653442834176
"93","lac_cer_d42_2",0.581981892595026,-0.0181666552667788,2.30694639986511,0.0245079451366574,0.0693074147412999,-4.20719456252115
"94","tag_42_0",0.873255069566076,-0.072323387874714,2.26126656965932,0.0273619222404658,0.0761539811862657,-4.3034326325922
"95","sm_d40_2",-0.514849042066882,-0.0250117352212456,-2.25413902019122,0.0278328059557813,0.0761539811862657,-4.3183030437308
"96","pe_o_38_6",-0.67326482754416,0.127796158173922,-2.25326515334301,0.0278910282872884,0.0761539811862657,-4.3201234963119
"97","succinic_acid",0.855517282673889,-0.0984114186760843,2.25033245647616,0.0280872097911322,0.0761539811862657,-4.32622858692334
"98","pe_40_6",-0.521585644895896,0.0770125011357336,-2.24248198305167,0.0286183749751783,0.0768023736578765,-4.3425381761477
"99","indoleacetic_acid",0.458711393549118,0.0129503009722549,2.22833859938372,0.0295977287217969,0.0785378200682667,-4.37179999556302
"100","sm_d38_1",-0.540404896104664,0.00125672625622238,-2.2245887797706,0.0298622889993409,0.0785378200682667,-4.37953189748528
"101","taurocholic_acid",0.534972346732644,-0.143199141620255,2.20659646848257,0.0311608875235472,0.0811417170167615,-4.41647749862374
"102","lpc_18_1",0.733066530606619,-0.0737942849385251,2.15061092467091,0.0355246072398942,0.0915977618048253,-4.5298048454586
"103","palmitoylcarnitine",0.490088606459333,-0.0539421727032005,2.1371874400231,0.0366471358844188,0.0935747256077879,-4.55660710720993
"104","pe_40_4",-0.433374706752706,0.0776277994259319,-2.11999730224973,0.0381297871872934,0.0964243656755592,-4.59071991507644
"105","tag_48_3",-0.711484065347903,-0.0743973333946017,-2.1142178045711,0.0386398807806401,0.096783701383889,-4.60213581999244
"106","pe_o_36_5",-0.726540424617654,0.122828909660231,-2.10645634262529,0.0393342448613312,0.0975934565899066,-4.61742440305351
"107","cer_d41_1",-0.398545936623617,-0.0274926537185053,-2.07333067226203,0.042421196836399,0.10359343391547,-4.68213023065016
"108","sm_d40_1",-0.489657763470075,0.000765226761157469,-2.07209535282087,0.0425402694405733,0.10359343391547,-4.68452609337074
"109","pc_o_36_2",0.524691948848053,-0.0144534613135403,2.06610719004863,0.0431215837578329,0.103667065267262,-4.69612242832942
"110","capric_acid_c10_0",-0.424400896767718,-0.0231347772881691,-2.06368318685381,0.0433588485908702,0.103667065267262,-4.70080835211707
"111","lpe_18_1",0.590336168894033,-0.0618202954985658,2.05853250106308,0.0438667606328836,0.103936558977013,-4.71074949568025
"112","pe_36_0",0.520407253488706,-0.0196488771797185,2.047150388962,0.0450074483769432,0.105687133242286,-4.73264125775141
"113","pc_38_3",-0.552325094936389,0.110043772056108,-2.03814576721578,0.0459279469811747,0.106894248283619,-4.74988559734896
"114","myristoylcarnitine",0.398436639781641,-0.131616918985841,1.98890725158464,0.0512538519270694,0.117221960074357,-4.84300787841549
"115","cholesterol_h2o",1.18263528417792,-0.055920257656396,1.98888167584235,0.0512567506028558,0.117221960074357,-4.84305573151898
"116","pc_o_36_5",-0.496791740126946,0.140617790268349,-1.90636030452638,0.0613716590290585,0.139144364867607,-4.99463678132795
"117","aminoadipic_acid",0.567072600750698,-0.0362886773565642,1.89696680876737,0.0626239179145291,0.140770003517275,-5.01153194614036
"118","pc_38_4",-0.511552791562474,0.135476918250592,-1.87554366700822,0.0655610734810777,0.146123409538334,-5.04978681657676
"119","cer_d42_0",0.367457677897395,-0.0798889826896985,1.85221932225717,0.0688904097733345,0.152253594709134,-5.09099747516042
"120","n_acetyl_galactosamine",-0.575288391839667,0.00463009858845784,-1.84134435425059,0.0704907352304648,0.154492194713435,-5.11005490357967
"121","sm_d42_1",-0.488078533661875,0.0193890692356555,-1.8348420070735,0.0714624488156634,0.155327471392723,-5.12140187082188
"122","linoleic_acid_c18_2",0.473832184113902,-0.184129250803651,1.82558185949764,0.0728656908281611,0.157079317113167,-5.13749947556082
"123","cer_d42_1",-0.381799960317704,-0.0449511222590059,-1.80499442260505,0.0760683663871057,0.162650246827714,-5.17302706335542
"124","tag_44_0",0.669758185525429,-0.0976267942053953,1.76670755920449,0.0823374837654187,0.17463514701859,-5.23813675020583
"125","tag_48_0",0.621667238073526,-0.105227471179578,1.75092517507646,0.0850438661884636,0.177661444471141,-5.26461020465831
"126","dag_36_3",-0.587106817987984,0.0201943122390785,-1.75051388656694,0.0851153688340825,0.177661444471141,-5.26529723897528
"127","homocitrate",0.199343325318976,0.0233286315336354,1.74029931487116,0.0869072202860838,0.17997321996252,-5.28231337473039
"128","erythro_dihydrosphingosine",0.524115359507258,-0.0619038037665072,1.7263760827676,0.0893998068777367,0.1836886656941,-5.3053627478091
"129","pe_o_36_2",0.464161127737942,0.0556275594970822,1.69297717673742,0.0956201490161047,0.194946505358415,-5.35996963553227
"130","tag_50_0",0.599573881065292,-0.0957102952383519,1.6844512864186,0.0972637396704923,0.196772027179534,-5.37375426474744
"131","pentahydroxyhexanoic_acid",0.43207860809546,-0.134978686450702,1.67730870025472,0.0986584180698587,0.197882498007779,-5.38525367201804
"132","lpc_17_0",0.491398079406097,-0.0256713533312341,1.67396230189723,0.0993174514715851,0.197882498007779,-5.39062600944712
"133","threonine",-0.521244398673885,0.0554127278652916,-1.66520911149019,0.101058326692184,0.199771780733326,-5.40463227189217
"134","pc_o_32_1",0.430186209815365,-0.0286169777133771,1.66159245678982,0.101784861666409,0.199771780733326,-5.41039987108886
"135","pc_35_2",-0.387620719109352,0.034168070282838,-1.63445572754917,0.107373171055346,0.209178844352266,-5.4533106621112
"136","lpc_22_6",-0.435747147070529,0.00468744360893638,-1.62439668986202,0.109506912087943,0.21176704322889,-5.46905279625534
"137","kynurenine",-0.399511423476221,0.00728105420650144,-1.61638568950752,0.111230687440265,0.212676750178507,-5.48152618623815
"138","glycine",-0.455969494849851,0.0259301110425938,-1.61470711230928,0.111594644580357,0.212676750178507,-5.48413263030699
"139","pc_33_2",-0.440618633603181,-0.0543174284199524,-1.60432951560939,0.113866197445132,0.215444675741509,-5.50019154664018
"140","hexose",0.184113307915452,0.0794430952711319,1.56454355272462,0.122922735822311,0.230376653122814,-5.56087731083544
"141","pc_o_40_7",-0.415637837794579,0.127312053489991,-1.5620462488981,0.12350991669322,0.230376653122814,-5.56463969901266
"142","pi_38_4",-0.358914853879829,0.0880147077875242,-1.55067491246906,0.126212041148461,0.233758921282008,-5.58170148976693
"143","tag_54_4",-0.524943356759344,0.0337509279797389,-1.54505089005909,0.127565788869301,0.234614003305078,-5.59009739877562
"144","pc_36_3",-0.332626629505499,0.0585738803076376,-1.53570573828656,0.129840817018999,0.237139825527754,-5.60398618036624
"145","pc_35_5",-0.36729204306242,-0.00938426100586212,-1.5209922455083,0.13348803677411,0.24211968049373,-5.625695579984
"146","uracil",0.220206184655407,-0.0243295885080032,1.5172657535766,0.134424550226351,0.242148333626921,-5.63116324826968
"147","citric_acid_isocitric_acid",0.346200830403011,-0.00854442205134569,1.51326227608114,0.135436467467083,0.24231150301934,-5.63702348919891
"148","tag_52_4",-0.528883470076928,-0.000794586278080135,-1.50891835009051,0.136541248935383,0.2426374896622,-5.64336585703755
"149","pe_o_38_5",-0.508394015173942,0.133944883402555,-1.5005538328195,0.138688646965027,0.24396130721412,-5.6555309242097
"150","lpc_16_1",0.433862348681457,-0.0918750352311007,1.49880323371266,0.13914142997003,0.24396130721412,-5.65806900351358
"151","uridine",-0.570029104653967,-0.0588744517543398,-1.49439825847493,0.140285914499145,0.244339043134272,-5.66444333444239
"152","adenosine_triphosphate",0.29154498221609,-0.013613728627793,1.48587284349031,0.142522027526722,0.245456935919596,-5.67673079980695
"153","cer_d42_2",0.324292355112536,-0.0528167379344604,1.48089396473606,0.1438408431816,0.245456935919596,-5.68387654312313
"154","pc_36_1",0.434482853543863,-0.0482164229438257,1.47793400779325,0.144629417364719,0.245456935919596,-5.68811414752186
"155","pantothenic_acid",0.288792903334523,-0.0191743002752742,1.4744997973519,0.145548590165837,0.245456935919596,-5.69302084100652
"156","tag_46_0",0.525361396234434,-0.0936495187807907,1.47432972899408,0.145594228150027,0.245456935919596,-5.69326355371621
"157","n_acetylglutamic_acid",0.166632705082505,0.0063283446221119,1.44624557746938,0.153285833482922,0.256778179656104,-5.73298635718478
"158","ps_38_4",-0.323515940660479,-0.0333903477248569,-1.43117636421931,0.157541597044957,0.262236962169769,-5.7540070205377
"159","pc_32_1",0.480886486842203,-0.076990769581807,1.40451437215796,0.165295406612435,0.2734131568495,-5.79069499353372
"160","tag_50_3",-0.455377218325302,-0.0571308820836201,-1.36861783197562,0.176195655858255,0.289336577655756,-5.83906926616815
"161","lpe_22_6",0.364537039917578,0.0280839434569373,1.36564520641384,0.177122391644778,0.289336577655756,-5.84302250118801
"162","pe_42_4",-0.250056345548422,0.0735584771441064,-1.35131103621804,0.181643473051364,0.294890329706843,-5.86197183709399
"163","pe_38_4",-0.390377440984544,0.0323524205542764,-1.30528874440709,0.196752749064697,0.317459957079848,-5.92153866405559
"164","tag_56_1",-0.407739397368257,-0.0578615378794519,-1.29443070702122,0.200451359028512,0.320537852853398,-5.93530827383526
"165","malic_acid",0.394085478111772,-0.0685356699956809,1.29254811011798,0.201097892474565,0.320537852853398,-5.93768462993962
"166","pc_36_4",0.340768876104384,-0.00959742921970152,1.27272583678131,0.20800026074504,0.329341320475497,-5.96250718155002
"167","allantoin",0.377229029198876,-0.100476412151421,1.26954103929894,0.209125477260106,0.329341320475497,-5.96646149943373
"168","pc_34_2",-0.284692495785247,-0.0203763868370509,-1.25740170600686,0.213455861655038,0.334160069138542,-5.981447877071
"169","pe_38_6",-0.437539384621783,0.0150874289051883,-1.24080995139866,0.219481315851541,0.341559680881392,-6.00170997719213
"170","phosphoenolpyruvic_acid",-0.219001432947139,0.0276912090414763,-1.23138894559165,0.222957877358009,0.344928951442096,-6.01310129356202
"171","glc_cer_d42_2",0.314297638622927,0.00939181487890629,1.21913182413689,0.227541266158147,0.349961128652588,-6.02779833544267
"172","serine",0.398030127892671,0.0178235820664506,1.21124072280959,0.230528239506801,0.352493761571446,-6.0371862422862
"173","pe_36_2",-0.351561487204034,-0.0576274775497543,-1.20014182049162,0.2347776440396,0.356916302788525,-6.05029218017248
"174","sm_d33_1",-0.301467142874402,0.0117343414608847,-1.1497720411716,0.254777036880904,0.385094027009642,-6.10832336932145
"175","cis_aconitic_acid",0.409928987641362,-0.0391126849814803,1.14513496351367,0.256677519744288,0.385749643958559,-6.11354623938708
"176","uridine_monophosphate",0.149251346384026,-0.0195795490333241,1.08010459428965,0.28439634542854,0.424978629816512,-6.1846590789219
"177","n_acetylneuraminic_acid",0.136843672517975,-0.0164212938513137,1.05437389612578,0.295917778254044,0.435431119677228,-6.2116932154816
"178","phenylpyruvic_acid",-0.138166968792803,0.0468661018220201,-1.05407675066324,0.296052676051667,0.435431119677228,-6.21200174777261
"179","pi_36_3",0.287141099536404,-0.0195663528065572,1.05340440526794,0.296358062441916,0.435431119677228,-6.21269954869183
"180","sm_d34_2",-0.219414963103319,-0.0334652781043177,-1.03653445109673,0.304091320014375,0.443639692863034,-6.2300677284996
"181","pc_o_40_6",-0.259121129174733,0.1109718789802,-1.03388422479257,0.305318571894332,0.443639692863034,-6.23277164942264
"182","deoxycholic_acid",0.282188129708957,0.000662180898380075,1.02985414261517,0.307191246236367,0.443908229451453,-6.23687058298246
"183","creatinine",-0.275702742186466,0.0293716400287774,-1.00925178776905,0.316886238812583,0.453467149659265,-6.25758341479849
"184","ps_41_7",0.190525255020899,-0.0064349055386858,1.00847747030909,0.317254583792033,0.453467149659265,-6.25835400070988
"185","tag_50_1",0.38098022196874,-0.0875954279417228,1.00444796807284,0.319176073149135,0.453747606693094,-6.26235485670772
"186","pc_o_36_4",-0.269515380221461,0.155116082083245,-0.989034092315808,0.326598179122779,0.461802801662854,-6.27751619046525
"187","pe_40_2",0.231901276545806,-6.86698206997684e-05,0.980649082663637,0.3306836352992,0.464312631840042,-6.28566853945407
"188","adenosine_monophosphate",0.172896955567785,-0.0353189807728879,0.978157573100825,0.331904086638509,0.464312631840042,-6.28807796650729
"189","lpc_18_2",-0.309861739808256,0.0014041634128489,-0.957589227813973,0.342093203468934,0.476034457737194,-6.30774179685444
"190","pc_34_3",-0.24064685794903,0.00322642855302848,-0.884569928362276,0.379901832541562,0.525864115570688,-6.3742709394094
"191","lpe_18_2",0.26608470343527,-0.0283434842986251,0.859027230781481,0.393727203171148,0.542147928973884,-6.3963308883126
"192","myristic_acid_c14_0",-0.198500800263042,0.0186775522261559,-0.835765839590701,0.406585823856343,0.555377921525511,-6.41587187768079
"193","pe_36_4",-0.242939499579785,0.00966195062108067,-0.834024397960968,0.407558702868531,0.555377921525511,-6.41731371961695
"194","glc_cer_d40_1",0.187134549422245,-0.0501465957035979,0.822191040396344,0.414207156174867,0.56152825811335,-6.42703341852299
"195","sm_d35_1",-0.198622131827435,0.0383612796535247,-0.800769399611158,0.426408712052591,0.575105083435033,-6.44428324858378
"196","tag_52_2",0.288442761227191,-0.0466858088976316,0.794059814237762,0.430274188505416,0.577357712127165,-6.4495945154419
"197","pc_30_0",0.241572425016358,-0.0392068310888586,0.787626523456913,0.433999998276174,0.579401012927075,-6.45464597841596
"198","tag_48_2",-0.277793069098439,-0.0974594454201451,-0.775391425054441,0.441138403533489,0.585956566309634,-6.46414198196501
"199","pc_33_1",0.192643726410219,0.0228583922778704,0.768935284915324,0.444932784196735,0.588026744943424,-6.46909405059325
"200","pc_o_38_3",0.151206049532929,0.0496763334050865,0.754760421437829,0.453330188434925,0.596129197791927,-6.47982419855097
"201","lipoamide",0.0974839199009017,-0.00363684561783855,0.746612913140803,0.458198109430941,0.59953284965342,-6.48590308944813
"202","lpc_15_0",0.175085065790043,-0.0105877430968072,0.741036372736729,0.461547200107247,0.600925314991119,-6.49002644185134
"203","pyridinedicarboxylic_acid",-0.34690039649498,0.0499511242148726,-0.727917447757771,0.469734762537875,0.608572623386508,-6.45792605935073
"204","pc_36_2",-0.160096971889228,-0.00721648265391321,-0.704506904258161,0.48382899453416,0.623759929227863,-6.5162855791707
"205","tag_44_1",0.283921956916425,-0.103351911301871,0.699831949769682,0.486723147551717,0.624430184420008,-6.5195519843502
"206","pi_38_3",-0.164810300482575,0.0414129006759096,-0.684821519901804,0.49608024241727,0.63321101801711,-6.52989516152922
"207","dimethyl_succinic_acid",-0.0916851872654748,0.0555034562306055,-0.679148616512459,0.499642030611586,0.63321101801711,-6.53374669098818
"208","kynurenic_acid",0.066122505560138,0.00752901031593965,0.677324194100245,0.500790462918475,0.63321101801711,-6.53497865050947
"209","sm_d34_1",0.141303360094755,-0.0020359905647301,0.657306238457018,0.513484961875346,0.646155717575197,-6.54828155272077
"210","pe_o_38_4",-0.192646929228154,0.0968024879683485,-0.641261634008614,0.523782402473183,0.655975104049748,-6.55865998012003
"211","hypoxanthine",-0.283563082046343,-0.103595312416963,-0.627546528928462,0.53267007360038,0.663944214961611,-6.56733102688053
"212","tag_52_3",-0.203340755477612,-0.0436092603660214,-0.60261990104895,0.549020998546723,0.681096804800888,-6.58261647059531
"213","pyridoxic_acid",0.238586445395424,-0.0829588170829915,0.596145352380529,0.553309230722167,0.683194026666337,-6.5864866723896
"214","lpc_14_0",-0.145858986107022,-0.0362185682966032,-0.588588120637343,0.558335737341876,0.686178966920156,-6.59095180109599
"215","lpc_20_3",-0.151610672977995,0.0354732761598217,-0.572430255144969,0.569158489193598,0.696226430967053,-6.60030961039545
"216","lac_cer_d34_1",0.149528120214394,-0.0180675311323242,0.550509571892482,0.584003440704179,0.709172583051801,-6.61259302366064
"217","caproic_acid_c6_0",0.179041523512793,-0.0629195171141557,0.545895521129141,0.587151523420215,0.709172583051801,-6.6151180714388
"218","hexose_1_phosphate",0.0695189741689482,-0.0344100482437507,0.544900786715589,0.587831266560048,0.709172583051801,-6.615659684703
"219","pe_38_2",-0.13318579111535,0.0297382557792397,-0.524972297205027,0.601527144490909,0.722381913247073,-6.626304214464
"220","tag_54_1",-0.180909602536172,-0.0583916472696613,-0.50876775280996,0.612771370164013,0.732540319786979,-6.63466999087626
"221","phosphoglyceric_acid",-0.0803395209161629,-0.0133617894287168,-0.502605093896501,0.617072448608889,0.734344135674832,-6.63778329098356
"222","cer_d40_1",0.103470797198551,-0.0741821262209081,0.49222367558789,0.62434838774513,0.73965597286923,-6.6429427807313
"223","pc_o_40_5",0.117729183154366,0.106266146862371,0.444236991133132,0.658461320855003,0.776507508353239,-6.66540294127612
"224","tag_54_3",0.156809660421057,-0.0425265751577407,0.440208323139518,0.661360007114546,0.776507508353239,-6.66718454590806
"225","xylitol",-0.152434027801303,-0.0593365670613713,-0.415583477148273,0.679189858782859,0.792501600108302,-6.67772380567083
"226","pc_38_2",-0.0935329953924213,0.020613636047355,-0.413085637862033,0.681008979560746,0.792501600108302,-6.67875918211997
"227","sm_d38_2",-0.0977125481692598,-0.000880455401173412,-0.396488166265421,0.69314444661249,0.803070438145748,-6.6854813202133
"228","pi_36_5",0.0999882398314997,-0.00346761414326938,0.391430018569895,0.696859063258737,0.803833042267754,-6.68747541162842
"229","adenosine_cyclic_monophosphate",-0.0939793140916421,-0.000731408896794736,-0.380971330777045,0.704563327569701,0.809170983191403,-6.69151778619185
"230","pe_o_36_3",-0.108391303528098,0.0732946193521673,-0.372583684027412,0.710764559646225,0.8108079201759,-6.69468096559293
"231","tag_46_2",-0.138520983610359,-0.122676132262739,-0.370378796953863,0.712397980217556,0.8108079201759,-6.69550084678982
"232","butyric_acid_c4_0",-0.12424633100782,-0.0693002984439767,-0.366550309755157,0.715237404869995,0.8108079201759,-6.69691295127528
"233","arabitol",0.0829438349369978,-0.0436086435626041,0.340269840023219,0.734835744375222,0.828413033353717,-6.70621190005037
"234","ce_18_1",-0.0835067227578999,-0.0180497306231586,-0.337293087032855,0.737067109523839,0.828413033353717,-6.70722175549093
"235","tag_52_0",0.123797076823434,-0.075737796670109,0.328860213990032,0.743400655187684,0.830574560603214,-6.71003459089338
"236","sm_d42_2",-0.084374883635584,0.0257494151039062,-0.322612445018801,0.748104602189525,0.830574560603214,-6.71207281063997
"237","uric_acid",-0.0983644868872007,0.115482675762309,-0.322134921637575,0.748464527996052,0.830574560603214,-6.71222699133874
"238","sm_d36_1",0.0684190937624163,0.0088182668288367,0.28210082953902,0.778832064958629,0.858981633378974,-6.72434333040541
"239","tag_48_1",-0.105909378943957,-0.082569869358969,-0.279790752861211,0.780595476720817,0.858981633378974,-6.72499361995696
"240","sm_d32_2",-0.0519101874372508,-0.0290835668014244,-0.268407956628559,0.789301342878907,0.864942721571469,-6.7281200037255
"241","tag_46_1",0.101889410785131,-0.0986653088923188,0.245759920615675,0.806702568833532,0.880343467233274,-6.7339552067277
"242","proline",-0.0832259875254308,0.0887233026283572,-0.22830077470933,0.820184773585217,0.887660869191952,-6.7381033143988
"243","pc_o_34_2",0.0610435830629211,0.00572336680881314,0.224727276781638,0.822951152389919,0.887660869191952,-6.73891473825149
"244","lpc_20_4",-0.0703349897808079,0.0697045215581191,-0.223975682893726,0.823533277881507,0.887660869191952,-6.73908377395464
"245","glc_cer_d42_1",-0.0519318980297557,-0.0330953589625805,-0.215867430460559,0.829819556120845,0.890785890856254,-6.74087139540078
"246","tag_52_1",0.07563618923226,-0.0526767630498944,0.204905913596032,0.838335662077725,0.896269427343259,-6.74318345585512
"247","tag_54_2",0.0702896237986664,-0.04600020796935,0.197907498146668,0.843783034804881,0.898441045156614,-6.74459667997321
"248","dag_34_1",-0.0634246511086758,-0.10155691298979,-0.185409594062648,0.853529967126015,0.905154763524766,-6.74699844497187
"249","sm_d44_2",-0.0314659466919837,-0.01266499114954,-0.178656800653364,0.858806027175593,0.906942391876834,-6.74823105479143
"250","pe_o_34_3",0.0477857471608719,0.0367921792389955,0.173916716504891,0.862513406467896,0.906942391876834,-6.7490689937109
"251","palmitic_acid_16_0",0.0353717897927465,0.0644273889958348,0.170023192832237,0.865560989966104,0.906942391876834,-6.74974044264751
"252","citrulline",0.0509297593826315,-0.0325980150379738,0.157002587427436,0.875767264015443,0.913995200143101,-6.75187555716937
"253","pc_o_38_5",-0.0390613776750907,0.174426558928346,-0.136060280171688,0.892226796521956,0.927492677807409,-6.7549532922397
"254","carnitine",-0.0346935924633543,-0.0249510435444675,-0.116286865241266,0.907811574014639,0.937400748476439,-6.7574557488948
"255","dag_36_2",-0.0391800270150081,-0.052984832309356,-0.11492462959122,0.90888665726803,0.937400748476439,-6.75761371630432
"256","palmitoleic_acid_16_1",-0.0298837904715422,-0.0477361672829005,-0.0886616648506382,0.9296445772154,0.955064546123633,-6.76029546927336
"257","pc_o_38_4",-0.0223582289071431,0.140719086642983,-0.0810037344271933,0.935707214671542,0.957552519294223,-6.76094718082776
"258","pc_o_34_3",-0.0194753109122789,0.0407559426740029,-0.0669620787157191,0.946833400304249,0.965182884806269,-6.76198936084944
"259","pe_34_2",0.0136835236947814,-0.0679399385536883,0.0507635920829576,0.959681668383872,0.974503006891731,-6.76294594501483
"260","hydroxy_proline",0.011975217077329,-0.0436979088152525,0.0317562199642551,0.974771327935357,0.984239417171293,-6.76373275625661
"261","lauric_acid_c12_0",-0.00697718878428172,-0.0167890856938476,-0.0255602444788931,0.979692487841581,0.984239417171293,-6.76391090647113
"262","sm_d36_2",-0.00639312821048266,0.00340868163973969,-0.0245473484804859,0.980497061972923,0.984239417171293,-6.76393636698369
"263","tag_50_2",-0.0016290583474553,-0.0957645783849504,-0.00485352764214186,0.996143480215632,0.996143480215632,-6.76422683030456
