"","feature","logFC","AveExpr","t","P.Value","adj.P.Val","B"
"1","pc_39_5",-0.5091,0.0204035087719298,-7.01056177240647,2.84844922367539e-09,7.8287162530323e-07,11.0348071455651
"2","pc_39_6",-0.6071,0.0229824561403509,-6.85540665103666,5.18458030002139e-09,7.8287162530323e-07,10.4543674152262
"3","ce_22_6",-0.91355,0.0389298245614035,-6.72242741961093,8.65642089810746e-09,8.71413037076151e-07,9.95769092887169
"4","tag_58_8",-0.6944,0.0169824561403509,-6.45811379780904,2.39139022365806e-08,1.80549961886184e-06,8.97356503297363
"5","dag_38_5",-0.6353,0.0147894736842105,-6.2534028873599,5.23591301623384e-08,3.16249146180524e-06,8.21511917744871
"6","cystine",-0.67825,0.0163859649122807,-6.0741753138631,1.03661807475643e-07,4.47226655109204e-06,7.55455712365221
"7","pyruvic_acid",-0.9964,0.0480350877192983,-5.88963411287018,2.08662472213191e-07,7.87700832604798e-06,6.87850384832325
"8","pe_o_38_7",-0.5165,0.0196140350877193,-5.84429467344138,2.47633892525246e-07,8.30949283806936e-06,6.71312455975127
"9","lpc_22_6",-0.4626,0.0227719298245614,-5.7037173294277,4.20343755517977e-07,1.15495172983891e-05,6.20235532201703
"10","pc_37_4",-0.5662,0.0253859649122807,-5.70350571761932,4.20677782391654e-07,1.15495172983891e-05,6.20158885165612
"11","tag_56_7",-0.79245,0.0253859649122807,-5.65791454852025,4.99119863634243e-07,1.18362350426929e-05,6.03663096416128
"12","sm_d40_2",-0.4538,0.0115087719298246,-5.65241666877898,5.09506806473534e-07,1.18362350426929e-05,6.01676252817496
"13","pc_37_3",-0.5017,0.0186140350877193,-5.59910744213253,6.21981580891629e-07,1.27449413833156e-05,5.82438648534892
"14","tag_46_4",-0.50315,0.0160175438596491,-5.59439720021508,6.33026889899781e-07,1.27449413833156e-05,5.80741305117793
"15","ce_20_4",-0.85575,0.026280701754386,-5.55566191238874,7.31524418245719e-07,1.38075233943879e-05,5.66798320969473
"16","pc_34_4",-0.45385,0.00533333333333334,-5.50744179649249,8.75511221591903e-07,1.47152923417996e-05,5.49480294717364
"17","pe_42_4",-0.41525,0.0169649122807018,-5.50696374980815,8.77070404478122e-07,1.47152923417996e-05,5.49308828009551
"18","ce_20_3",-0.72695,0.0118070175438597,-5.4858823798091,9.48624413443705e-07,1.50781354136842e-05,5.41751717180857
"19","pe_42_6",-0.5749,0.022,-5.46310683523274,1.03241222149356e-06,1.55894245445527e-05,5.33597050485187
"20","pc_38_6",-0.6314,0.0187719298245614,-5.41714114085124,1.22438129902244e-06,1.73487654199428e-05,5.17170792621243
"21","sm_d32_1",-0.49435,0.00794736842105263,-5.40858511069953,1.26381734847265e-06,1.73487654199428e-05,5.14117954194703
"22","ce_18_3",-0.66075,0.0112456140350877,-5.37293849411393,1.44204864606918e-06,1.86259353030588e-05,5.01415373176703
"23","pc_38_5",-0.53085,0.0179473684210526,-5.36587404424428,1.48020677905103e-06,1.86259353030588e-05,4.98901136935105
"24","sm_d38_1",-0.47885,0.016578947368421,-5.3394015441585,1.63225841724676e-06,1.97176816803409e-05,4.89489028403908
"25","cer_d42_1",-0.4095,0.00831578947368421,-5.31608447468814,1.77887178296915e-06,2.04345939527001e-05,4.81211321607483
"26","sm_d41_2",-0.4919,0.0159298245614035,-5.30885160065424,1.82693389643345e-06,2.04345939527001e-05,4.78646016635598
"27","sm_d41_1",-0.5278,0.0137368421052632,-5.20193013039191,2.70609631280175e-06,2.91871816595045e-05,4.40861038447594
"28","cer_d41_1",-0.4155,0.00912280701754386,-5.19093504066061,2.81728116702795e-06,2.92159078244471e-05,4.36990445789113
"29","ps_38_4",-0.38875,0.00919298245614035,-5.18281731289666,2.90224249911726e-06,2.92159078244471e-05,4.34134606558643
"30","ce_18_2",-0.5763,0.0111578947368421,-5.15025440864539,3.26912791915649e-06,3.07524049769009e-05,4.22694746629183
"31","o_phosphorylethanolamine",-0.4226,0.00507017543859649,-5.14271589067427,3.36036213323751e-06,3.07524049769009e-05,4.20050002198921
"32","sm_d40_1",-0.4549,0.0166491228070175,-5.11306580793945,3.74412782601248e-06,3.32566648075226e-05,4.09661362422921
"33","sm_d42_1",-0.45805,0.0156491228070175,-5.03998201946391,4.88364846970969e-06,4.21389096529236e-05,3.84148795925513
"34","pc_40_6",-0.6415,0.0202105263157895,-5.01175381218558,5.40966881084299e-06,4.53811105798495e-05,3.74331510762534
"35","pc_o_38_6",-0.52525,0.0253684210526316,-4.99802565965244,5.68521328219775e-06,4.64036327357762e-05,3.6956467538016
"36","pc_o_40_7",-0.489,0.0284912280701754,-4.94538620612791,6.87535935454679e-06,5.19988541305582e-05,3.51333465499072
"37","pc_36_5",-0.61995,0.0206491228070175,-4.94490617961394,6.88726544775605e-06,5.19988541305582e-05,3.51167558687748
"38","pe_o_40_6",-0.37485,0.0222631578947368,-4.86617794692394,9.14000595605326e-06,6.72804224860175e-05,3.24044282892781
"39","pe_40_4",-0.4641,0.0201052631578947,-4.85963405690607,9.35687994838654e-06,6.72804224860175e-05,3.2179768731746
"40","pc_40_5",-0.57605,0.0181754385964912,-4.83952639673327,1.00553086466993e-05,7.06210049140277e-05,3.14902214289562
"41","pc_o_40_6",-0.43915,0.0294385964912281,-4.80450889156898,1.13954716646087e-05,7.82143736979963e-05,3.02921890865012
"42","pi_40_4",-0.37225,0.0117543859649123,-4.78032681619553,1.24214717591936e-05,8.26076012545387e-05,2.94669803623803
"43","sm_d32_2",-0.33405,0.00366666666666667,-4.77670750582938,1.25826147606251e-05,8.26076012545387e-05,2.93436226260626
"44","tag_53_4",-0.55015,0.0122631578947368,-4.75306680135335,1.36866458209528e-05,8.6651236581971e-05,2.85388444676945
"45","pc_35_5",-0.43715,-0.0016140350877193,-4.75130978920906,1.37723819732934e-05,8.6651236581971e-05,2.84790998925686
"46","pe_o_38_6",-0.54165,0.0255789473684211,-4.7269972710081,1.50140778039743e-05,9.25357448326579e-05,2.76533594996931
"47","pc_35_2",-0.4493,0.0205789473684211,-4.6935836748188,1.6900729678394e-05,0.0001020804072575,2.65214983923739
"48","pc_o_36_5",-0.5096,0.022140350877193,-4.67723384220928,1.79064650280209e-05,0.000106034361538477,2.59689351563162
"49","tryptophan",-0.38575,0.0178771929824561,-4.59693380471784,2.37586113835646e-05,0.000134887780007765,2.32675367064077
"50","pe_40_6",-0.48375,0.0048421052631579,-4.59187689637096,2.41839716381885e-05,0.000134887780007765,2.30981198461045
"51","sm_d34_2",-0.363,0.00640350877192983,-4.58741258197047,2.45656552994275e-05,0.000134887780007765,2.29486265080796
"52","pe_o_36_5",-0.5677,0.0216315789473684,-4.54158054102842,2.8840074362544e-05,0.000152801797499795,2.14177351712998
"53","sm_d35_2",-0.2762,-0.003,-4.52057029914819,3.10342154336756e-05,0.000161591949327069,2.07183226469571
"54","pi_36_5",-0.29495,0.00733333333333333,-4.51404443570173,3.17482477443144e-05,0.000162507979979372,2.05013901040657
"55","tag_50_4",-0.6445,0.00401754385964912,-4.48483943663193,3.51447577256599e-05,0.000176895280552488,1.95323622330872
"56","dag_36_4",-0.5991,0.00929824561403509,-4.46719730815274,3.73653351128442e-05,0.000184989036132442,1.89484339260716
"57","tag_56_4",-0.55615,0.0104736842105263,-4.44603354212547,4.02098245419805e-05,0.000195860758252873,1.82493926214853
"58","tag_54_6",-0.67125,0.0177017543859649,-4.40588754055438,4.61958547376563e-05,0.000221446795726543,1.69277613950451
"59","histidine",-0.4064,0.00708771929824561,-4.38366717645949,4.98728850126209e-05,0.000232045902317028,1.61987611771112
"60","sm_d33_1",-0.4105,0.0190526315789474,-4.38325533007842,4.9943654472208e-05,0.000232045902317028,1.61852664601374
"61","lpc_20_3",-0.36485,0.0195614035087719,-4.31730588694834,6.26292413870851e-05,0.000285256438499699,1.40324537508569
"62","valine",-0.3891,0.0150526315789474,-4.3142588920248,6.32853688062246e-05,0.000285256438499699,1.39333834698892
"63","sm_d35_1",-0.38585,0.0240350877192982,-4.23059596979182,8.41470053179314e-05,0.000365526877205577,1.12270773377164
"64","lpc_18_2",-0.404,0.0365263157894737,-4.17341286889408,0.000102093087348523,0.000428223783045193,0.93931283182582
"65","pc_38_3",-0.50615,0.0100877192982456,-4.15027391459914,0.000110363186850705,0.00045657099217689,0.865476243559253
"66","pe_o_38_5",-0.48705,0.0229298245614035,-4.13154667377984,0.000117527706788866,0.000479640100678885,0.805877380962861
"67","pc_34_2",-0.4105,0.00419298245614035,-4.11668617600683,0.000123531084386683,0.000497418499797044,0.758686962883576
"68","sm_d44_2",-0.31245,0.0145964912280702,-4.10852944140876,0.000126951216868355,0.000504464045976886,0.732823603577161
"69","pi_38_4",-0.45885,0.0166315789473684,-4.08305226800406,0.000138233573287539,0.000542162845880995,0.652219199011062
"70","pc_36_3",-0.4417,0.00719298245614036,-4.06977727593314,0.000144490218151706,0.000559436485664296,0.610327858610885
"71","acetylcarnitine",-0.58195,0.0103157894736842,-4.03678353526296,0.000161248036362881,0.000616416544070761,0.506534507451551
"72","lpc_14_0",-0.36025,0.0138070175438596,-4.03078717866205,0.000164488729514135,0.00062094495391586,0.487720806340014
"73","sm_d38_2",-0.34075,0.0142982456140351,-4.01769243533811,0.000171785650218144,0.000632673980071702,0.446689552514051
"74","pe_o_38_4",-0.3822,0.0193333333333333,-3.9957367800567,0.000184726335266906,0.000666575897710786,0.37805994716815
"75","alpha_ketoglutaric_acid",-0.54965,0.0273684210526316,-3.99462632773041,0.000185405216581808,0.000666575897710786,0.374594436021432
"76","tag_54_5",-0.60085,0.0164385964912281,-3.96648373368922,0.000203435776012607,0.000722795345362439,0.286947120833357
"77","pc_33_2",-0.4497,-0.00791228070175439,-3.96042067025666,0.00020753580415671,0.000728788521573563,0.268109978590165
"78","pc_o_36_4",-0.438,0.0245789473684211,-3.95650707900171,0.000210224449179096,0.000729744639679162,0.255959607582908
"79","sm_d42_2",-0.3254,0.0140175438596491,-3.95078847949861,0.000214213558035322,0.000735141983257581,0.238217519650149
"80","leucine",-0.39825,0.0167719298245614,-3.91544475211002,0.000240534351360902,0.000807126379011027,0.128886776030811
"81","pc_38_4",-0.499,0.0127894736842105,-3.91200152437978,0.000243258876372833,0.00080729868862193,0.118265644170873
"82","ce_18_1",-0.3534,0.00626315789473684,-3.80947162903477,0.000339439477860673,0.00111424698167308,-0.195514312611263
"83","pe_38_6",-0.44435,-0.00256140350877193,-3.77564705602232,0.00037851213056707,0.00122914691861565,-0.297953861962381
"84","dag_36_3",-0.50525,0.00664912280701754,-3.76258228952976,0.000394729653329996,0.00126817399261339,-0.33737538367821
"85","pe_38_4",-0.42635,-0.00507017543859649,-3.72315045080958,0.000447814370805416,0.00142357831561301,-0.455858295806535
"86","pi_38_5",-0.3425,0.0166491228070175,-3.71320737826684,0.000462242399476509,0.00145413754835318,-0.485615596797494
"87","pi_38_3",-0.4034,0.0127543859649123,-3.70965929152476,0.000467497795997286,0.00145550860197093,-0.496222494833484
"88","glyceric_acid",-0.30995,0.0150877192982456,-3.6713149820693,0.000528064579809202,0.00162730105206509,-0.610456405189578
"89","ps_40_5",-0.2666,0.00656140350877193,-3.65999216967093,0.000547339011113732,0.00166966041774088,-0.644049575882979
"90","lpc_20_4",-0.3427,0.0244035087719298,-3.64627139801187,0.00057159695831464,0.00172622281411021,-0.684671330658844
"91","pc_36_2",-0.37335,0.0133859649122807,-3.63256957057307,0.000596844205003346,0.00178462326644565,-0.725142694241673
"92","pc_38_2",-0.36625,0.00468421052631579,-3.61230798721595,0.000636138391306384,0.00188346857033851,-0.784815980632544
"93","asparagine",-0.37665,0.0166842105263158,-3.58994029918742,0.000682381014875744,0.00198152948550457,-0.85044957100915
"94","glc_cer_d42_1",-0.32585,0.00775438596491228,-3.58582439686074,0.000691232216718298,0.0019881155185612,-0.862498996429242
"95","tag_48_3",-0.5342,-0.00587719298245614,-3.58103886709908,0.000701661072593255,0.00199907211248267,-0.876497837191656
"96","ps_41_7",-0.26535,0.00184210526315789,-3.57033136072834,0.000725541285214542,0.00204778942182048,-0.90777719950857
"97","methionine",-0.6545,0.0117543859649123,-3.55832953999383,0.000753228360399192,0.00210624967444959,-0.942767185598213
"98","pe_38_2",-0.36215,0.0204561403508772,-3.52895846096722,0.000825292103496611,0.00228658913078878,-1.0280794326331
"99","pc_o_38_3",-0.28265,0.0178947368421053,-3.52087743243758,0.00084624249203644,0.00230576923693758,-1.05147270847012
"100","lpc_15_0",-0.2672,0.0162982456140351,-3.52040427643179,0.000847484719536661,0.00230576923693758,-1.05284135535993
"101","pe_o_36_3",-0.352,0.0214912280701754,-3.51436186193669,0.000863501842482936,0.0023283710395522,-1.0703092268451
"102","tag_54_4",-0.49405,0.011859649122807,-3.50330100472827,0.000893570534642126,0.0023727904915854,-1.10223489007651
"103","pi_36_4",-0.3788,0.0177543859649123,-3.50253508178558,0.0008956891259627,0.0023727904915854,-1.10444322793058
"104","pc_34_3",-0.38405,0.00166666666666666,-3.4919195216771,0.000925548685736877,0.00243057133123945,-1.13501838177838
"105","pe_36_4",-0.37835,-0.00728070175438596,-3.43787691646097,0.00109280797556434,0.00282682265969961,-1.28973934025027
"106","ce_16_1",-0.45255,-0.0284736842105263,-3.43717456175207,0.00109515977213528,0.00282682265969961,-1.29173978785058
"107","dag_36_1",-0.3326,0.0056140350877193,-3.41344553789812,0.00117749582568535,0.00297967264840322,-1.35916723655567
"108","alanine",-0.30655,0.00680701754385965,-3.40967873166016,0.0011910939631998,0.00297967264840322,-1.36984259515238
"109","pe_o_34_3",-0.3142,0.018,-3.40892235723796,0.00119384235250593,0.00297967264840322,-1.37198527017544
"110","pe_36_2",-0.4143,-0.0086140350877193,-3.37791837740441,0.00131181453166411,0.00324727859477509,-1.45954347180341
"111","sm_d36_2",-0.3131,0.0137894736842105,-3.37151982556869,0.00133749807432651,0.00328393836135452,-1.47754753352443
"112","pc_o_38_4",-0.36865,0.0230701754385965,-3.368485022418,0.00134984538147959,0.00328752665489385,-1.48607883592276
"113","cer_d40_1",-0.26385,0.00724561403508772,-3.33602586347996,0.00148883105064475,0.00359701581835771,-1.57700548470595
"114","taurine",-0.3361,0.0293684210526316,-3.32473965863816,0.00154024946161698,0.00367420214276694,-1.60848277275632
"115","pc_o_34_3",-0.3384,0.015140350877193,-3.31752594665234,0.00157398821070552,0.00367420214276694,-1.62856424120215
"116","phenylalanine",-0.2996,-0.00212280701754386,-3.31740393685773,0.00157456481268972,0.00367420214276694,-1.62890363819497
"117","pc_o_40_4",-0.27445,0.0193333333333333,-3.3171965781227,0.001575545220051,0.00367420214276694,-1.6294804326694
"118","tyrosine",-0.3239,0.00424561403508772,-3.31591652264877,0.0015816101939063,0.00367420214276694,-1.63304053005984
"119","tag_52_4",-0.47195,0.00680701754385965,-3.28863428316312,0.00171623849177239,0.00395651927110888,-1.7086969853595
"120","pc_o_34_2",-0.32495,0.0222456140350877,-3.28028975218764,0.00175952916038796,0.00402558944270578,-1.73175253551754
"121","tag_56_1",-0.4167,0.0080701754385965,-3.27603778104965,0.00178198212098616,0.00404630526720166,-1.74348520608879
"122","pc_o_40_5",-0.31555,0.0231228070175439,-3.25935236717512,0.00187272803720991,0.00419676881024782,-1.78942577288612
"123","pc_o_38_5",-0.37445,0.0294035087719298,-3.25875809446181,0.00187603903769356,0.00419676881024782,-1.79105905031252
"124","lac_cer_d34_1",-0.2713,0.0103333333333333,-3.23060144647444,0.00203938892106121,0.00449558725664588,-1.86820955990413
"125","tag_50_3",-0.45385,-0.0111228070175439,-3.1889701270845,0.00230560717341381,0.00504560410413747,-1.98143414316631
"126","sm_d36_1",-0.29685,0.0156666666666667,-3.1832689510902,0.00234450973339703,0.00509382690277628,-1.99686027147993
"127","phenylpyruvic_acid",-0.112,0.00680701754385965,-3.13434182370189,0.00270464709643556,0.00572760788683123,-2.12845208086823
"128","sm_d34_1",-0.27245,0.0115263157894737,-3.133397987122,0.00271207923118167,0.00572760788683123,-2.13097650172631
"129","ps_38_2",-0.24735,0.00891228070175439,-3.08473048336497,0.0031223034611488,0.00646058127601733,-2.26041489194319
"130","lactic_acid",-0.2818,0.00503508771929825,-3.08461668336542,0.00312332737184944,0.00646058127601733,-2.26071587346043
"131","isoleucine",-0.33495,0.00996491228070175,-3.04278723853719,0.00352170330478974,0.00723506393228912,-2.37080947812353
