"","feature","logFC","AveExpr","t","P.Value","adj.P.Val","B"
"1","aspartic_acid",-1.61044513244276,-0.198220383389202,-4.52916576028169,2.85125483061023e-05,0.00496307483301824,2.30309521582341
"2","pc_32_1",-1.56126810898936,-0.076990769581807,-4.43833986413986,3.92263805114833e-05,0.00496307483301824,2.00419560393571
"3","tyrosine",-1.3434487067522,0.00227420992226129,-4.33288713114643,5.66130209089533e-05,0.00496307483301824,1.66090537114519
"4","adipic_acid",0.807254956048801,0.0176363680945644,4.19891630433899,8.97180304445269e-05,0.00589896050172764,1.23088592465189
"5","tag_50_2",-1.41710818043871,-0.0957645783849504,-4.1094464443962,0.000121565823866682,0.0063943623353875,0.947704988890587
"6","taurocholic_acid",-0.97037938122718,-0.143199141620255,-3.8957636173042,0.000247953052659843,0.0108686088082565,0.285180576680026
"7","tag_48_2",-1.31544869151379,-0.0974594454201451,-3.57382229088948,0.000699490240608572,0.0247559471997838,-0.672974114295322
"8","pyridinedicarboxylic_acid",1.77888849742676,0.0499511242148726,3.5352077901694,0.000832146644080312,0.0247559471997838,-0.780200776639292
"9","pc_32_0",-0.937578990771505,-0.0705629895936867,-3.51269828902424,0.000847161691247355,0.0247559471997838,-0.849022662982909
"10","tag_50_3",-1.15448325955575,-0.0571308820836201,-3.37720937558389,0.00128689652264186,0.0259266869341422,-1.23214732432914
"11","deoxyuridine",0.402093868261891,-0.0202309589343683,3.35282922559838,0.0013861035792261,0.0259266869341422,-1.30002023475963
"12","tag_50_1",-1.30323608145261,-0.0875954279417228,-3.34431796270629,0.00142240829243391,0.0259266869341422,-1.32363693996346
"13","pe_38_2",0.869458338012506,0.0297382557792397,3.33569796728328,0.00146009123260137,0.0259266869341422,-1.34751393228276
"14","tag_48_1",-1.29406143340356,-0.082569869358969,-3.32746335895196,0.00149696840795588,0.0259266869341422,-1.37028437970289
"15","tag_48_0",-1.20757973542576,-0.105227471179578,-3.31043355216272,0.00157604108974901,0.0259266869341422,-1.41725393961219
"16","sm_d36_2",0.885726922769114,0.00340868163973969,3.31017132223988,0.00157728893895922,0.0259266869341422,-1.4179759065267
"17","lac_cer_d42_2",-0.852001234484722,-0.0181666552667788,-3.28721195520826,0.00169023038155158,0.0261488582557686,-1.48103558586713
"18","lpc_18_2",1.07880367333302,0.0014041634128489,3.24498852622525,0.00191809878663043,0.0272912364280179,-1.59621691343327
"19","dag_34_1",-1.13349139038392,-0.10155691298979,-3.22516392940904,0.00203478901531439,0.0272912364280179,-1.64994067941603
"20","pyruvic_acid",1.80256875952542,0.277985985793281,3.21851806078782,0.00207537919604699,0.0272912364280179,-1.66789942077758
"21","pc_37_4",0.792321899522796,0.103022677235827,3.16864524220725,0.00240516664876677,0.0301218489821743,-1.80183958699855
"22","palmitoleic_acid_16_1",-1.08763842114539,-0.0477361672829005,-3.14082827638713,0.0026098590271868,0.0306278936897351,-1.87590501455056
"23","pc_35_2",0.763115725421555,0.034168070282838,3.1319587509725,0.00267848499948254,0.0306278936897351,-1.8994236300659
"24","tag_50_0",-1.13573137518057,-0.0957102952383519,-3.1056379562145,0.00289221612177748,0.0316938683344782,-1.96893735761433
"25","sm_d34_0",-0.802590993585047,0.00271607453291679,-3.03835651581177,0.00351324653295184,0.0369593535266534,-2.14471127690004
"26","phenylpyruvic_acid",0.39693816633454,0.0468661018220201,2.94747625956419,0.00455067350351586,0.0460318127471027,-2.37767665919632
"27","pe_40_4",0.612252722163076,0.0776277994259319,2.91515683227208,0.00498362861095353,0.0485442342474362,-2.45926562168491
"28","ce_18_2",0.65742125833304,0.0841988659417681,2.88267082632427,0.00545702660421808,0.0512570713181912,-2.54059872348872
"29","lpc_20_4",0.921061595414769,0.0697045215581191,2.85481235179233,0.0058957745228255,0.0534685758449347,-2.60980116806003
"30","glutamic_acid",-1.37430062813422,-0.154837049869279,-2.81243172285848,0.00662604955001003,0.0580883677217546,-2.71410302139283
"31","sm_d34_2",0.590312748249568,-0.0334652781043177,2.71430792299086,0.00864761188080803,0.0733652233758875,-2.95100618448855
"32","sm_d36_0",-0.819598547901331,-4.21674435998976e-05,-2.66678947040309,0.00981731613358745,0.0806860669729219,-3.0633883858891
"33","cer_d42_1",0.571352894443363,-0.0449511222590059,2.629080410833,0.0108464888456308,0.0864432292848758,-3.15146484585975
"34","lpc_16_1",-0.777383303368789,-0.0918750352311007,-2.61389007168035,0.0112881513682295,0.0873171708777751,-3.186665584225
"35","pe_42_6",0.599359703123266,0.120236482772881,2.57414559558122,0.0125222157628659,0.0924576786042329,-3.27800133756182
"36","n_acetyl_galactosamine",-0.824962615327197,0.00463009858845784,-2.57005918026509,0.0126558039154083,0.0924576786042329,-3.28732917913631
"37","argininosuccinic_acid",0.303970197037114,0.0104571332037092,2.52854084388178,0.0140881976968412,0.0963980452980845,-3.38142947625942
"38","pc_36_5",0.771098803766232,0.111765693659998,2.52411824278116,0.0142491168553666,0.0963980452980845,-3.39138083987861
"39","cer_d40_1",0.542996873950993,-0.0741821262209081,2.51420962926247,0.0146156966543755,0.0963980452980845,-3.41362555599861
"40","tag_54_1",-0.916098816570976,-0.0583916472696613,-2.5076084889272,0.0148646201625206,0.0963980452980845,-3.42840597117208
"41","asparagine",0.712949930174127,0.133254304392488,2.50333429126246,0.0150278321567356,0.0963980452980845,-3.43795950803519
"42","sm_d38_2",0.621843125016064,-0.000880455401173412,2.45595372711416,0.0169484696783679,0.104780473899443,-3.54297977525935
"43","sm_d40_2",0.575316081815296,-0.0250117352212456,2.45169676491441,0.0171314082801371,0.104780473899443,-3.55233575598696
"44","dimethyl_succinic_acid",0.335387525150663,0.0555034562306055,2.4180874379961,0.0186392040678495,0.110323410364296,-3.62573794597987
"45","pc_39_6",0.531071325574547,0.0829851348267606,2.41301912198484,0.0188766291497844,0.110323410364296,-3.63673524250326
"46","tag_46_2",-0.91728569432237,-0.122676132262739,-2.38723197307146,0.0201271092550489,0.110806531778009,-3.69239549007699
"47","isocaproic_acid_4_me_5_0",0.464560263180387,0.113104974236528,2.3794993916146,0.0205162585004676,0.110806531778009,-3.70899011809375
"48","alpha_ketoglutaric_acid",1.08315279549469,0.232894945997346,2.37844485031368,0.0205698471485381,0.110806531778009,-3.7112498001942
"49","tag_48_3",-0.821828656959701,-0.0743973333946017,-2.37697865014551,0.0206445629548381,0.110806531778009,-3.71439021889265
"50","hexose",0.283137495241735,0.0794430952711319,2.34185129390258,0.0225086219011402,0.118395351199997,-3.78915062656861
"51","tag_52_1",-0.873571663392451,-0.0526767630498944,-2.30347149754416,0.0247153719620436,0.127453780902303,-3.86977771369647
"52","tag_46_1",-0.952515492883079,-0.0986653088923188,-2.23621474966856,0.0290487626122565,0.143142322528074,-4.00838147199585
"53","cer_d41_1",0.439884814533529,-0.0274926537185053,2.22735073059522,0.0296672244310086,0.143142322528074,-4.02639113896444
"54","ps_41_7",0.432159076652683,-0.0064349055386858,2.22646944669054,0.0297293433279665,0.143142322528074,-4.02817841107521
"55","lpc_17_0",0.670623300624871,-0.0256713533312341,2.22356745786232,0.0299347062321067,0.143142322528074,-4.03405952035503
"56","pc_37_3",0.404822108561398,0.0747093176427932,2.20156841765241,0.0315325570725806,0.148090401965869,-4.07843147625576
"57","tag_54_2",-0.788748984344071,-0.04600020796935,-2.16156995342371,0.0346305764317854,0.159106637576533,-4.15814915858012
"58","lpe_20_4",0.669240061245002,0.0589072843062226,2.15593041939671,0.035088155815357,0.159106637576533,-4.16928882211448
"59","pc_o_32_0",-0.563201582347546,-0.0601406063943433,-2.14623759044912,0.035886976938747,0.159970761608313,-4.18837688756649
"60","xanthosine",0.224270180193343,0.00622336057009023,2.12156468131513,0.0379924672389791,0.165655560506406,-4.23663335337319
"61","linolenic_acid_c18_3",0.348196769192977,-0.00378062926376442,2.11667813333059,0.0384220121326646,0.165655560506406,-4.2461340102028
"62","pe_o_38_6",0.641819532160106,0.127796158173922,2.09073387193515,0.0407741647003059,0.172961376067427,-4.2962608924788
"63","tag_52_2",-0.771151022522153,-0.0466858088976316,-2.06629566380309,0.0431031828922408,0.17993868413745,-4.34299088622098
"64","lpe_22_6",0.563550856172392,0.0280839434569373,2.05489098984209,0.0442289519121214,0.181753349263874,-4.36463615454943
"65","tag_56_1",-0.657822046970209,-0.0578615378794519,-2.03265656537782,0.0464970189589516,0.184446238230357,-4.40653717980144
"66","succinic_acid",-0.793091602667879,-0.0984114186760843,-2.03048927702763,0.04672337376593,0.184446238230357,-4.4106003117374
"67","sm_d33_1",0.545965504178762,0.0117343414608847,2.02673241874013,0.047117997632984,0.184446238230357,-4.41763457898694
"68","sm_d35_1",0.515109938564649,0.0383612796535247,2.02133925972306,0.0476895216717273,0.184446238230357,-4.42771283718942
"69","dag_36_2",-0.702763749808811,-0.052984832309356,-2.00639845678419,0.0493041176744344,0.187927289106902,-4.4555108742784
"70","acetic_acid_c2_0",-0.763463443289465,-0.020267892477849,-1.99905336231981,0.0501149651526952,0.188289083359412,-4.46911088874701
"71","isovaleric_acid_3_me_4_0",-0.918612821473274,-0.0137016158284294,-1.97547276825331,0.0527959708664714,0.195568173772986,-4.51247785978603
"72","pc_38_5",0.37662643711126,0.0773283182853841,1.96606389795857,0.0538995159192632,0.196882953982864,-4.52965605483949
"73","pc_o_32_1",-0.515791183632804,-0.0286169777133771,-1.93910530337155,0.0571712954986416,0.203904574930166,-4.5784772020158
"74","cer_d42_2",0.434672681850613,-0.0528167379344604,1.93200858202073,0.0580602203810311,0.203904574930166,-4.5912306543946
"75","pc_38_2",-0.4470626471573,0.020613636047355,-1.92177743758289,0.0593624599299794,0.203904574930166,-4.60954449945366
"76","pc_o_40_5",0.52207476526427,0.106266146862371,1.91744423473403,0.0599214417881381,0.203904574930166,-4.61727514601222
"77","pe_o_38_7",0.472459866250597,0.064701253849403,1.90642934016874,0.06136253504275,0.203904574930166,-4.63685695829567
"78","pc_o_34_3",0.567683183511728,0.0407559426740029,1.89980929770541,0.0622427164633789,0.203904574930166,-4.6485778653555
"79","lpc_15_0",0.460903126685164,-0.0105877430968072,1.89871389197473,0.0623893858466521,0.203904574930166,-4.65051382781945
"80","pe_34_2",-0.525496342762088,-0.0679399385536883,-1.89750770035981,0.0625512277701168,0.203904574930166,-4.65264444578184
"81","pc_o_38_3",0.390176940119894,0.0496763334050865,1.8956624256609,0.0627995078682261,0.203904574930166,-4.65590162451323
"82","hydroxy_proline",-0.731772665748824,-0.0436979088152525,-1.8887785495198,0.0637331087420709,0.204412287794691,-4.66802793572268
"83","tag_52_0",-0.712170661030089,-0.075737796670109,-1.8413844674232,0.0704847753494356,0.223343324300019,-4.75045250930228
"84","arabitol",-0.456773094815618,-0.0436086435626041,-1.8238928154323,0.0731241176212172,0.228948130171192,-4.78040186798668
"85","xylitol",-0.680388903425893,-0.0593365670613713,-1.80548141082364,0.0759912705963883,0.234286826634302,-4.81165033000451
"86","pc_o_38_5",0.530637313799344,0.174426558928346,1.79904092223678,0.0770161713759944,0.234286826634302,-4.82251441449167
"87","thymine",0.280669718674327,0.00831114332144945,1.7932920985525,0.0779407339026687,0.234286826634302,-4.83218241212711
"88","pi_38_4",0.425781098612282,0.0880147077875242,1.79050343617238,0.0783925503567246,0.234286826634302,-4.83686221955382
"89","glc_cer_d34_1",-0.375618213090934,-0.0243760154494108,-1.77428298466348,0.0810640848250462,0.23954892482008,-4.86395316088026
"90","lpc_20_3",0.478044858827368,0.0354732761598217,1.75679427816459,0.0840289343705578,0.240285387456608,-4.89291418425698
"91","taurine",0.544624751421973,0.0965271635048696,1.75599193093856,0.0841670868211917,0.240285387456608,-4.89423666917053
"92","sm_d32_2",0.348488859111649,-0.0290835668014244,1.75384471944253,0.0845377323314693,0.240285387456608,-4.89777317928054
"93","kynurenic_acid",0.175658587367625,0.00752901031593965,1.75136281727219,0.0849678366291428,0.240285387456608,-4.90185608023116
"94","pe_o_36_3",0.519601774003684,0.0732946193521673,1.73843905715662,0.0872368854616269,0.244077668897956,-4.92303237444193
"95","pc_o_36_2",0.447687984543678,-0.0144534613135403,1.71586588432888,0.0913202214901443,0.252812823704294,-4.95968019788278
"96","tag_54_3",-0.618964553689547,-0.0425265751577407,-1.69126112473083,0.0959491187306364,0.259479349239576,-4.9991326777531
"97","lauric_acid_c12_0",0.473307409520361,-0.0167890856938476,1.68766904553184,0.0966407318707665,0.259479349239576,-5.00484919443222
"98","pc_38_6",0.421975150373439,0.120837157374004,1.6827194626378,0.0976004074197312,0.259479349239576,-5.01270800720778
"99","sm_d41_2",0.44345195830121,0.00734588153664229,1.68233777485831,0.0976747360255439,0.259479349239576,-5.01331317066473
"100","lpc_22_6",0.453916834542831,0.00468744360893638,1.6469988099825,0.104759929243481,0.275518613910355,-5.06880192543221
"101","pc_o_38_4",0.460198376867114,0.140719086642983,1.62282682380597,0.109842993787439,0.286026805604915,-5.10613793819135
"102","pe_o_38_5",0.556659789442927,0.133944883402555,1.59919143153125,0.115004607949002,0.296226404559026,-5.14215704907638
"103","homocitrate",0.187668228393325,0.0233286315336354,1.59467599559343,0.116012622317793,0.296226404559026,-5.14898327543925
"104","lpe_18_2",0.489244352032922,-0.0283434842986251,1.5373483819069,0.129438601577986,0.322261661789041,-5.23410565219439
"105","indoleacetic_acid",0.325058819556982,0.0129503009722549,1.53696175844863,0.129533180307411,0.322261661789041,-5.23466998393961
"106","pe_40_6",0.364702412203845,0.0770125011357336,1.5261647561114,0.132196706323741,0.322261661789041,-5.25037682874967
"107","tag_46_0",-0.558147641582287,-0.0936495187807907,-1.52456172198977,0.132595842921978,0.322261661789041,-5.25270011275773
"108","ce_20_3",0.432182061733273,0.147851681673657,1.52422681319772,0.132679351943456,0.322261661789041,-5.25318521268773
"109","pyridoxic_acid",-0.623645523732364,-0.0829588170829915,-1.51671386625137,0.134563687947143,0.322261661789041,-5.26404148727919
"110","pc_34_1",-0.453829610256109,-0.0600737838718044,-1.51583203150959,0.134786246375645,0.322261661789041,-5.26531249512986
"111","sm_d40_1",0.362920405798757,0.000765226761157469,1.49481666867152,0.140176886665944,0.33213082155985,-5.29539999794078
"112","pe_42_4",0.278879890477343,0.0735584771441064,1.46687833753927,0.147604861536807,0.346607844501608,-5.33479597126505
"113","threonine",-0.462986894374142,0.0554127278652916,-1.43964537815588,0.155138666864529,0.361074950313018,-5.37253224814314
"114","pe_o_38_4",0.437889197329364,0.0968024879683485,1.41872051881492,0.161128110894733,0.371725378643112,-5.40107977624973
"115","ce_20_4",0.505113783209854,0.178400412175212,1.39458418803522,0.168257405116026,0.384797369960998,-5.43352375961477
"116","pc_30_0",-0.429351471131061,-0.0392068310888586,-1.36252782822351,0.178098248298497,0.395951638958803,-5.47580774139947
"117","pc_36_1",-0.410822654946922,-0.0482164229438257,-1.36017953857915,0.178836055998794,0.395951638958803,-5.47886900275258
"118","pc_o_38_6",0.33431461293344,0.137419355021279,1.3597034826506,0.178985911423467,0.395951638958803,-5.47948899123808
"119","tag_50_4",-0.451868379940031,0.00156787963750655,-1.35748998708435,0.179683944892943,0.395951638958803,-5.48236904714181
"120","phenylalanine",-0.324983815492796,0.0282443863654095,-1.35019044891054,0.182000579100267,0.395951638958803,-5.49183549810674
"121","pe_o_34_3",0.37999503904326,0.0367921792389955,1.34610930235115,0.183305661854586,0.395951638958803,-5.49710725555176
"122","pentadecanoic_acid_c15_0",0.263924586615231,0.178777721857454,1.34496337973825,0.183673383851612,0.395951638958803,-5.49858478603439
"123","creatinine",0.375745233409951,0.0293716400287774,1.33878665211026,0.185665121937329,0.396991276987947,-5.50652856186559
"124","cis_4_7_10_13_16_19_docosahexaenoic_acid_c22_6",0.263645205760247,0.1364091565696,1.33323129116111,0.187470438935097,0.397618753547828,-5.51364382853889
"125","oxamic_acid",0.246143355006461,-0.0205789864905488,1.31982076299586,0.191883131259323,0.403722108169615,-5.53070515102228
"126","tag_52_3",-0.449585159611653,-0.0436092603660214,-1.29685211979088,0.199622070223416,0.412465620510729,-5.55954881559829
"127","uric_acid",-0.406346184501017,0.115482675762309,-1.29525451644254,0.200168930808451,0.412465620510729,-5.56153728527514
"128","tag_46_4",0.277442898696865,-0.0118644127756013,1.29357882744076,0.200743724050849,0.412465620510729,-5.56362045773781
"129","lpc_o_16_0",-0.463065741046335,-0.114520473200633,-1.25593004920845,0.213985312182797,0.433392429182425,-5.60975189944042
"130","pentose",0.307510978203338,-0.0953885429204279,1.25526637964053,0.21422439465291,0.433392429182425,-5.61055353054481
"131","pc_34_2",0.287879704272232,-0.0203763868370509,1.23756644490244,0.220673712357989,0.440157947539971,-5.63178461448352
"132","glc_cer_d38_1",0.291330900243204,-0.0750775512891056,1.23091433893317,0.22313408065233,0.440157947539971,-5.63968985286162
"133","pc_o_36_4",0.34387964947049,0.155116082083245,1.22826940973119,0.224117912416316,0.440157947539971,-5.6428217965121
"134","myristoylcarnitine",-0.252720954366382,-0.131616918985841,-1.2278801184325,0.22426298467816,0.440157947539971,-5.64328222837702
"135","erucic_acid_c22_1",0.283848068731478,0.0230600133866491,1.21791874023349,0.227998599809457,0.44379383989719,-5.65501680897488
"136","pi_36_5",0.318599275654399,-0.00346761414326938,1.21397415628007,0.22949035066927,0.44379383989719,-5.65963844589097
"137","pc_o_40_6",0.310535304471234,0.1109718789802,1.2059783608392,0.232535988074975,0.445652795791096,-5.66896289901346
"138","glc_cer_d42_2",-0.318525150283053,0.00939181487890629,-1.20257655149811,0.233840630491145,0.445652795791096,-5.67291220698865
"139","kynurenine",0.304039428245478,0.00728105420650144,1.19730598703793,0.235872455329631,0.44629104857333,-5.67901006075439
"140","pc_33_2",-0.336261434715686,-0.0543174284199524,-1.1917007916381,0.238047296175764,0.447188849244471,-5.6854670826616
"141","aminoadipic_acid",0.357664660965512,-0.0362886773565642,1.164545742635,0.248789073839708,0.463266076482976,-5.71633985231571
"142","capric_acid_c10_0",0.244687615691972,-0.0231347772881691,1.15807896734734,0.251397610718861,0.463266076482976,-5.723591842955
"143","lpc_18_1",0.405139283007598,-0.0737942849385251,1.15686388464863,0.251889919912797,0.463266076482976,-5.72495016001334
"144","caprylic_acid_c8_0",0.257330003060434,-0.031568753460675,1.1484541087294,0.255316161634741,0.463423910403784,-5.73431393077809
"145","cis_aconitic_acid",-0.419948334776517,-0.0391126849814803,-1.1418350245583,0.258036113592777,0.463423910403784,-5.74163794136964
"146","linoleic_acid_c18_2",0.304113779345565,-0.184129250803651,1.14043964457724,0.258612130299271,0.463423910403784,-5.74317676079194
"147","sm_d42_2",-0.305936783618933,0.0257494151039062,-1.13856827461668,0.259386070161311,0.463423910403784,-5.74523767429017
"148","sm_d36_1",0.282867632510906,0.0088182668288367,1.13519312802024,0.260786078858403,0.463423910403784,-5.74894648873295
"149","pc_o_36_5",0.298303178981169,0.140617790268349,1.1141610028571,0.269630910149277,0.475925700464832,-5.77182027420145
"150","pe_36_2",-0.331489160700417,-0.0576274775497543,-1.10143801265807,0.275082749998931,0.481095754559775,-5.78545829688489
"151","lpc_o_18_1",-0.4230992245821,-0.121486008656291,-1.0988098447123,0.27621847505143,0.481095754559775,-5.7882567569742
"152","pc_o_34_2",0.303633794538182,0.00572336680881314,1.08799107006599,0.280928146023733,0.486079621080538,-5.79970894978922
"153","sm_d38_1",0.269651344532567,0.00125672625622238,1.08041973765734,0.284257189012208,0.488625102681116,-5.80765883390757
"154","pe_40_2",0.258805848665396,-6.86698206997684e-05,1.06523156198736,0.291017540920723,0.494782264582479,-5.82344547676188
"155","erythro_dihydrosphingosine",-0.331351829004106,-0.0619038037665072,-1.06232486737438,0.292323863174217,0.494782264582479,-5.82644219884785
"156","pc_40_5",-0.28100133460001,0.130827362404831,-1.05975311792155,0.293483016254246,0.494782264582479,-5.82908703213592
"157","lpe_16_0",-0.295843901934124,-0.0994476136678347,-1.05473619069866,0.295753361195009,0.495433974485906,-5.83422877111855
"158","pe_o_36_2",0.293587670984509,0.0556275594970822,1.04226847611373,0.301447546872175,0.501776612831533,-5.84690490069584
"159","pc_o_40_7",0.283155243247227,0.127312053489991,1.03576891113136,0.304445476538471,0.503579624714578,-5.85345551957702
"160","pc_38_4",0.285793658922391,0.135476918250592,1.01987926358253,0.311859780966779,0.512619514964143,-5.86930356800511
"161","tag_44_1",-0.422710450942054,-0.103351911301871,-1.01413839042008,0.314568303661735,0.513860023994015,-5.87497126785955
"162","xanthine",0.292781325268022,-0.0839138493114048,1.00530866519452,0.31876499083686,0.517501188827742,-5.88362814604763
"163","pantothenic_acid",0.196720668954099,-0.0191743002752742,0.977614523757633,0.332170491731057,0.535956069480171,-5.91030536329348
"164","pc_o_34_1",-0.28107924468605,-0.0390406446884091,-0.951501198741741,0.345148017958123,0.553499565384063,-5.93479887646948
"165","tag_56_4",-0.278248534444682,0.0377677426567978,-0.945263592357432,0.34829632145145,0.555163227525644,-5.94055445538618
"166","palmitoylcarnitine",-0.217940219629959,-0.0539421727032005,-0.925049224368873,0.358627208833354,0.568186481464893,-5.95895425896957
"167","arachidonic_acid_20_4",0.190241970064632,0.150934940884889,0.920726600832012,0.360861740815917,0.568303220566385,-5.96283873380805
"168","pe_36_4",-0.272765023840553,0.00966195062108067,-0.911441408775663,0.365691814343059,0.572481828406099,-5.97112298797437
"169","ps_41_6",-0.261528558744181,-0.0409166949000772,-0.897789247793314,0.372868284689867,0.580262478541036,-5.98315518587611
"170","lac_cer_d34_1",-0.243809153459745,-0.0180675311323242,-0.873678120012565,0.385759385902302,0.596792461719444,-6.00397355579562
"171","hexose_1_phosphate",-0.10809061375623,-0.0344100482437507,-0.824634527658705,0.412828944542484,0.631772408811134,-6.04461385754021
"172","allantoin",-0.251282844667652,-0.100476412151421,-0.823121471272426,0.41368203223651,0.631772408811134,-6.04583121749598
"173","sm_d44_2",0.14833813510517,-0.01266499114954,0.81976810445564,0.415576527468921,0.631772408811134,-6.04852144954439
"174","lactic_acid",-0.213715106674645,0.00751291034650468,-0.785139881722915,0.43544523141599,0.658172964726468,-6.07567361393826
"175","tag_54_6",0.27484929969178,0.0512688148800024,0.756807121551571,0.452112057006411,0.679323689863188,-6.09703583028439
"176","palmitic_acid_16_0",-0.160866938931274,0.0644273889958348,-0.752622819513168,0.454604446448369,0.679323689863188,-6.10012546655335
"177","phosphoglyceric_acid",0.122010464106179,-0.0133617894287168,0.742940749230068,0.460401919694857,0.684100027569195,-6.10721015536163
"178","pi_36_3",-0.200739367802555,-0.0195663528065572,-0.716789731756454,0.476270789351629,0.700639620432704,-6.12589554648803
"179","pc_36_3",0.158576502885254,0.0585738803076376,0.712605680595507,0.478837961541933,0.700639620432704,-6.1288240947979
"180","deoxycholic_acid",0.200295397609454,0.000662180898380075,0.71148770802253,0.479525215505272,0.700639620432704,-6.12960374617552
"181","carnitine",-0.215628873956,-0.0249510435444675,-0.703473525324327,0.484467909851979,0.70395060934293,-6.13515744220065
"182","glyceric_acid",0.189474405671537,0.107593753774081,0.698874891729618,0.487316819805618,0.704199580268558,-6.13831628779915
"183","adenosine_triphosphate",0.138239023851301,-0.013613728627793,0.685750581839733,0.495498247734188,0.712109503574271,-6.14721942175113
"184","lpc_o_16_1",-0.231404600759532,-0.116669801507389,-0.677875171761054,0.50044348395072,0.715307805864345,-6.1524821229897
"185","pe_36_0",0.174726620096995,-0.0196488771797185,0.668998178271668,0.50604965765785,0.719411134940619,-6.15834237664867
"186","pc_36_2",0.153630619994331,-0.00721648265391321,0.658020420274152,0.513029123174311,0.723561714212928,-6.16548424623529
"187","citric_acid_isocitric_acid",-0.153384603003391,-0.00854442205134569,-0.652570322592028,0.516513200935084,0.723561714212928,-6.16898670035532
"188","butyric_acid_c4_0",-0.226871564195085,-0.0693002984439767,-0.651462670742948,0.517222822327112,0.723561714212928,-6.16969501220032
"189","adenosine_cyclic_monophosphate",0.163322777299631,-0.000731408896794736,0.644415877841527,0.521749465942308,0.726032325623423,-6.17417345828421
"190","pentahydroxyhexanoic_acid",-0.164760302990642,-0.134978686450702,-0.622532842998931,0.535938465771503,0.741205967393069,-6.18777454772753
"191","ce_18_1",-0.156876052507855,-0.0180497306231586,-0.616739983563364,0.539727644225026,0.741205967393069,-6.19129740810701
"192","proline",0.230201823058056,0.0887233026283572,0.614634082462917,0.541108538933343,0.741205967393069,-6.19257003016471
"193","lipoamide",0.0816588591504285,-0.00363684561783855,0.608730795449427,0.544989099100035,0.742653539188131,-6.19611455071901
"194","cer_d42_0",-0.120067700646974,-0.0798889826896985,-0.589075187332658,0.558011092075999,0.75488753955097,-6.20767284630732
"195","pc_34_3",0.162329055231007,0.00322642855302848,0.580774699278056,0.563556454798858,0.75488753955097,-6.21244129399635
"196","pe_o_36_5",0.205360141684569,0.122828909660231,0.579519810415949,0.56439718039734,0.75488753955097,-6.21315637933649
"197","histidine",0.162551581775785,0.0833918007240126,0.577952504988808,0.56544808095643,0.75488753955097,-6.21404734437923
"198","pi_38_3",0.136150127818676,0.0414129006759096,0.550643546229638,0.58391215291403,0.775600485941363,-6.22918854404049
"199","tag_56_7",0.189216095322262,0.0756927500762848,0.537409503518123,0.592962313087865,0.783663760513108,-6.23626516297966
"200","valine",-0.143925743449467,0.102172237042136,-0.530795908068396,0.597509611997421,0.785725139776609,-6.23973776251968
"201","sm_d41_1",0.143542463792657,0.0163936785724697,0.519107314941506,0.605585799203385,0.792383408907911,-6.24577092587247
"202","hydroxyglutaric_acid",0.117400369755403,-0.15532092637365,0.50243882465042,0.617188679882501,0.802173021208822,-6.25414421022565
"203","ps_36_3",-0.141576079885533,-0.0105392638089484,-0.49960988259685,0.619167769222018,0.802173021208822,-6.25553841865285
"204","valeric_acid_c5_0",-0.134135199170673,-0.0473075310418901,-0.491911621302643,0.624567681935238,0.803310612671207,-6.25929288491918
"205","cholic_acid",0.118776304161925,-0.0144993081207202,0.489654803634708,0.626154660066911,0.803310612671207,-6.26038258230218
"206","glc_cer_d40_1",0.110418962103615,-0.0501465957035979,0.472195535621762,0.638491464108999,0.815161432333334,-6.26864473822945
"207","pc_36_4",-0.128502484926966,-0.00959742921970152,-0.467138774045047,0.642084045081395,0.815787941335299,-6.27098213255113
"208","isoleucine",-0.143475735935387,0.121603631316009,-0.455575565675801,0.650331361589239,0.819045963205599,-6.27623313033199
"209","lpc_14_0",0.114932890206696,-0.0362185682966032,0.451421336549764,0.653305135954539,0.819045963205599,-6.27808771102975
"210","oleic_acid_c18_1",0.152618954640561,-0.164756229457802,0.450464234796845,0.653991073282038,0.819045963205599,-6.27851260065369
"211","cholesterol_h2o",0.268109029977202,-0.055920257656396,0.438863040685747,0.662329120855152,0.821806124416037,-6.28359152966466
"212","pc_38_3",-0.120997134871172,0.110043772056108,-0.434585272068791,0.665414584519613,0.821806124416037,-6.28543109071721
"213","cer_d34_1",0.0867027153563447,-0.0688094981454257,0.434371095817011,0.66556921863352,0.821806124416037,-6.28552272193704
"214","sm_d32_1",0.10229480947255,-0.023766897470746,0.421007642697196,0.675246160511162,0.829858599132877,-6.2911512419278
"215","adenosine_monophosphate",0.074268888064222,-0.0353189807728879,0.40896660799482,0.684012931011891,0.833900252083121,-6.29607304904196
"216","pi_36_2",0.147684819308812,-0.0735034223960787,0.407784121234346,0.684876252661423,0.833900252083121,-6.29654873731549
"217","serine",-0.134239232152143,0.0178235820664506,-0.397606457342056,0.69232420862389,0.838374296389802,-6.30058635424272
"218","tag_54_5",0.139905553940002,0.0587352375666043,0.394060667952066,0.69492622286303,0.838374296389802,-6.30196917740793
"219","sm_d34_1",-0.0854368698092926,-0.0020359905647301,-0.386829908991341,0.700243788418448,0.840932038146355,-6.30475091645461
"220","tag_44_0",-0.1450599148741,-0.0976267942053953,-0.37243758982137,0.710872746891443,0.849816056511135,-6.31013521496576
"221","aconitic_acid",0.0374064704652175,-0.0111364261907037,0.360947802099115,0.719399824298551,0.856118342943525,-6.31428780725957
"222","orotic_acid",0.03957298609441,-0.00714339514919676,0.34192155747208,0.733598609518988,0.86522279674667,-6.32087929220962
"223","pe_38_4",0.105049004517727,0.0323524205542764,0.341879668000686,0.733629975948697,0.86522279674667,-6.32089341237724
"224","dag_36_4",0.122140979587444,-0.0199872322930057,0.33697225813969,0.737307737992388,0.865419053162868,-6.32253568366595
"225","acetylcarnitine",0.150430261550345,0.112791531690783,0.332882409094569,0.740377516964431,0.865419053162868,-6.32388628699836
"226","alanine",0.08509178613867,0.059128689190656,0.327409839244596,0.74449177558062,0.866377597246474,-6.32566780798493
"227","pc_33_1",-0.0822071526471878,0.0228583922778704,-0.319377250683057,0.750544176442487,0.869573208829842,-6.32822941706303
"228","phosphoenolpyruvic_acid",0.0561340133020227,0.0276912090414763,0.307208932588147,0.759742708802821,0.876369879013781,-6.3319891304952
"229","leucine",-0.0931386348071682,0.0873202945719214,-0.300875202284857,0.764544552572276,0.877168659225823,-6.33388849815007
"230","glc_cer_d42_1",-0.0735322050042952,-0.0330953589625805,-0.297502053468145,0.767105671566309,0.877168659225823,-6.33488394500475
"231","sm_d42_1",0.0778694329222041,0.0193890692356555,0.284928197837804,0.776675363520538,0.884266755869703,-6.33849600064749
"232","ps_38_4",-0.0616310989634295,-0.0333903477248569,-0.265373061402231,0.791627122805493,0.893745959726744,-6.34380448162805
"233","citramalic_acid",-0.0767403999904152,-0.161387540949179,-0.260216189891664,0.795583423496099,0.893745959726744,-6.34514166667767
"234","lpc_18_0",0.086316757557893,-0.0870239047499438,0.259180032034973,0.79637900758022,0.893745959726744,-6.34540718558465
"235","myristic_acid_c14_0",0.0625403946888979,0.0186775522261559,0.256296351591381,0.798594298615151,0.893745959726744,-6.34614057414965
"236","lpe_20_3",-0.0461211586144526,-0.0723769349532633,-0.251860418327599,0.802005296986559,0.893760140285868,-6.3472527533872
"237","lpe_18_0",-0.0568037055553925,-0.0971220199971611,-0.241613915910508,0.809899012014823,0.898535188037909,-6.34974768887064
"238","n_acetylneuraminic_acid",-0.0316605011773063,-0.0164212938513137,-0.237436324993257,0.813123097920237,0.898535188037909,-6.35073522315355
"239","ps_34_0",-0.052273805919093,-0.00163938488093996,-0.221624021814628,0.825355331083539,0.902601491684939,-6.35431737817141
"240","citrulline",0.0735592921356932,-0.0325980150379738,0.220715167481889,0.826059765116587,0.902601491684939,-6.35451578540517
"241","uridine_monophosphate",-0.0311444217939982,-0.0195795490333241,-0.219375074032725,0.827098705308252,0.902601491684939,-6.35480684927189
"242","tag_54_4",-0.0746309518900163,0.0337509279797389,-0.213800530028268,0.831423816458365,0.903572164167562,-6.35599862881042
"243","tag_42_0",0.0825988485132345,-0.072323387874714,0.208182438729792,0.835788015285314,0.904577152345834,-6.35716873158078
"244","hydroxy_glutamic_acid",-0.0307441147736358,-0.0179484374393455,-0.19503649430873,0.846019978215008,0.911898583076013,-6.35978511496998
"245","uracil",0.024422469605819,-0.0243295885080032,0.163787658001621,0.870445992084451,0.929894614048358,-6.36532046764805
"246","pe_38_6",-0.0591104377366604,0.0150874289051883,-0.163159266339951,0.870938567042424,0.929894614048358,-6.3654219007492
"247","uridine",-0.062749738724163,-0.0588744517543398,-0.160118198863541,0.873323078592945,0.929894614048358,-6.36590727632761
"248","tryptophan",-0.0463020208723763,0.0488209977868875,-0.15425715739917,0.877922051513049,0.9310221755965,-6.36681700142951
"249","pc_40_6",-0.0394499681019413,0.14528751952496,-0.143966436103432,0.886006984533227,0.932589944841418,-6.36833228140062
"250","tag_53_4",0.0380210914058682,0.0351620003386295,0.142868369568114,0.886870417711256,0.932589944841418,-6.36848779848193
"251","dag_36_3",0.0478420931944352,0.0201943122390785,0.138841104949098,0.890038312377171,0.932589944841418,-6.36904798748187
"252","pc_35_5",0.0330113077117993,-0.00938426100586212,0.133056979631847,0.894591311955667,0.933366065556936,-6.36982455070357
"253","methionine",0.062205376374212,0.269187836082724,0.126611453491765,0.899669126109269,0.933366065556936,-6.37065101200718
"254","malic_acid",0.0389623315919151,-0.0685356699956809,0.124382899255636,0.901425781944721,0.933366065556936,-6.3709272226548
"255","lpe_18_1",0.0346398136284418,-0.0618202954985658,0.117569138132313,0.90679975587292,0.935248375665012,-6.37174132239902
"256","n_carbamoyl_aspartic_acid",0.014719081377652,-0.0161210929957484,0.0996946785127644,0.920917397056576,0.946098732132342,-6.37365911762888
"257","hypoxanthine",0.0307916159410383,-0.103595312416963,0.0663266674619004,0.947337149394472,0.969453970002903,-6.37639508581588
"258","caproic_acid_c6_0",-0.0174266322875784,-0.0629195171141557,-0.0517164476345821,0.958925554397177,0.977509382970765,-6.37724689260581
"259","tag_52_4",-0.014920275262484,-0.000794586278080135,-0.0414325853792805,0.96708790536832,0.982023625914549,-6.37772003102948
"260","lpc_16_0",0.00987800901492888,-0.11529268586729,0.0281111889289847,0.977666290694518,0.988947055587147,-6.37817761268346
"261","n_acetylglutamic_acid",0.00210480470895757,0.0063283446221119,0.0177808721011562,0.985872361148018,0.990794811660334,-6.37841177498728
"262","pi_36_1",0.00425001296050451,-0.0773961026139844,0.0121116849833305,0.990376488661987,0.990794811660334,-6.37849548010663
"263","glycine",0.00336113025535667,0.0259301110425938,0.0115851794414399,0.990794811660334,0.990794811660334,-6.37850164268798
