"","feature","logFC","AveExpr","t","P.Value","adj.P.Val","B"
"1","cer_d34_1",1.54604930970772,-0.0688094981454257,7.95778330070438,5.59681678137795e-11,1.4719628135024e-08,14.8235213241553
"2","pc_o_32_0",1.5772014948396,-0.0601406063943433,6.17506678139775,6.15045652231606e-08,5.42123707474381e-06,8.00337632477963
"3","deoxyuridine",0.720640438596657,-0.0202309589343683,6.17366642230363,6.18392061757849e-08,5.42123707474381e-06,7.99810481395738
"4","citramalic_acid",1.70571289652704,-0.161387540949179,5.94232958859302,1.51059275735243e-07,9.93214737959221e-06,7.13093090266825
"5","lpc_o_18_1",2.20442260798563,-0.121486008656291,5.88187399713495,1.9055039845381e-07,1.00229509586704e-05,6.90561514621041
"6","glutamic_acid",2.74076994923523,-0.154837049869279,5.76253232709077,3.00907591455757e-07,1.31897827588107e-05,6.46259777556763
"7","lpc_o_16_0",1.90340482474967,-0.114520473200633,5.30389006022323,1.70263808873634e-06,5.59742271672073e-05,4.7854739352106
"8","pc_o_34_1",1.42575836755385,-0.0390406446884091,4.95869091758422,6.09534442051346e-06,0.000178119509177227,3.55567782323022
"9","ps_34_0",1.08026615712729,-0.00163938488093996,4.70548105478185,1.52347075555821e-05,0.00040067280871181,2.67528803509274
"10","aspartic_acid",1.58844462252458,-0.198220383389202,4.58970644349769,2.301677537905e-05,0.000504450993724179,2.2796645521261
"11","lpe_16_0",1.2323360067359,-0.0994476136678347,4.51388938328687,3.00898636081303e-05,0.000589677633646194,2.02311126728057
"12","lpe_20_3",0.796871666279465,-0.0723769349532633,4.47083502741317,3.50063888398704e-05,0.000589677633646194,1.87834607333621
"13","lpe_18_0",0.994113195562099,-0.0971220199971611,4.34431855349906,5.44157260234529e-05,0.00079507421912045,1.456972381821
"14","lpc_o_16_1",1.43345766011878,-0.116669801507389,4.31422862328162,6.03857059404692e-05,0.000835865298018074,1.35766598695201
"15","glc_cer_d38_1",0.980195275756294,-0.0750775512891056,4.2549497241852,7.4060974066599e-05,0.000927525532357883,1.16308353940228
"16","hydroxy_glutamic_acid",0.641651706163565,-0.0179484374393455,4.1820940051118,9.50137143432172e-05,0.0010864611683594,0.925901545545416
"17","acetic_acid_c2_0",1.51226858599975,-0.020267892477849,4.06823113505372,0.000139681055243555,0.00148326962212176,0.559717612378341
"18","oleic_acid_c18_1",1.31301006443914,-0.164756229457802,3.98162581699796,0.000186615636917371,0.00181853295808222,0.285008310766827
"19","hydroxyglutaric_acid",0.897805294766567,-0.15532092637365,3.94762996147654,0.000208916755024411,0.00189465884729035,0.178104248265612
"20","adipic_acid",0.72910941795067,0.0176363680945644,3.89636608141806,0.000247461761240328,0.00209943365181311,0.0179127650902675
"21","orotic_acid",0.41674527320334,-0.00714339514919676,3.6994647301949,0.00046924910970233,0.00362977987799155,-0.585613387010849
"22","pc_32_0",0.944604528464545,-0.0705629895936867,3.63599730996191,0.000574619607103136,0.00419791546300347,-0.776012428553133
"23","xanthine",1.02647970082819,-0.0839138493114048,3.6211537677865,0.000602337818987999,0.00422019079083463,-0.820241382357217
"24","ps_36_3",0.954495628030732,-0.0105392638089484,3.4606336698572,0.000995876653791833,0.00663008410388795,-1.2910410899768
"25","argininosuccinic_acid",0.404454444931842,0.0104571332037092,3.45660002555354,0.00100837781047725,0.00663008410388795,-1.30269106735458
"26","oxamic_acid",0.618751838434205,-0.0205789864905488,3.40866161969065,0.00116881046674722,0.00731897982748857,-1.44045237818382
"27","aconitic_acid",0.338409494973744,-0.0111364261907037,3.3549091002177,0.00137736598848935,0.00823289215847046,-1.59337987028649
"28","sm_d36_0",0.9926209021887,-4.21674435998976e-05,3.31826843215442,0.00153918482162942,0.00860155305471941,-1.69667482940064
"29","isovaleric_acid_3_me_4_0",1.49891287817741,-0.0137016158284294,3.31173427957257,0.0015698651962986,0.00860155305471941,-1.71501379753875
"30","thymine",0.502327561148178,0.00831114332144945,3.29748653431929,0.00163877626628695,0.0087958807761932,-1.75491571563282
"31","xanthosine",0.335627926840925,0.00622336057009023,3.26199569189267,0.00182304034291228,0.00924614949156732,-1.85379307599871
"32","glc_cer_d34_1",0.606591793049681,-0.0243760154494108,2.94383404463568,0.00459765839742148,0.0188248367718791,-2.70588938535567
"33","ps_41_6",0.827357917672663,-0.0409166949000772,2.91802665508214,0.00494369234016422,0.0196998649312604,-2.77219340837889
"34","sm_d34_0",0.719921134999664,0.00271607453291679,2.80007665931673,0.00685413377135221,0.0257519597409376,-3.06960829593567
"35","cholic_acid",0.653867414320594,-0.0144993081207202,2.76943039507231,0.00745144294748875,0.0275895960130978,-3.14534936522935
"36","pi_36_2",0.966792245637221,-0.0735034223960787,2.74263592909585,0.00801249779199039,0.0284768502607226,-3.21104379005095
"37","lpc_18_0",0.867757857980473,-0.0870239047499438,2.67698245180484,0.00955486455467415,0.033064860235254,-3.36991056152963
"38","pi_36_1",0.908272534191988,-0.0773961026139844,2.65932270518344,0.0100137322937525,0.0337642511956014,-3.4121286865425
"39","valeric_acid_c5_0",0.683423744395502,-0.0473075310418901,2.57498637735955,0.0124948891795981,0.0412070552918325,-3.6106938895441
"40","pentose",0.593133278390155,-0.0953885429204279,2.48752876503422,0.0156455180730033,0.0478461773627893,-3.81118863200533
